-0.049578
0.004113
0.030837
0.049157
0.063253
0.074781
0.084575
0.093115
0.100705
0.107546
0.113785
0.119524
0.124846
0.129810
0.134466
0.138853
0.143003
0.146943
0.150696
0.154279
0.157709
0.160999
0.164163
0.167210
0.170150
0.172991
0.175740
0.178403
0.180986
0.183496
0.185935
0.188309
0.190621
0.192875
0.195075
0.197222
0.199321
0.201373
0.203380
0.205346
0.207271
0.209158
0.211008
0.212824
0.214606
0.216356
0.218075
0.219765
0.221426
0.223060
0.224668
0.226251
0.227810
0.229345
0.230857
0.232348
0.233817
0.235266
0.236695
0.238106
0.239497
0.240871
0.242227
0.243567
0.244890
0.246197
0.247489
0.248766
0.250028
0.251276
0.252511
0.253732
0.254939
0.256135
0.257317
0.258488
0.259647
0.260794
0.261930
0.263055
0.264169
0.265273
0.266367
0.267451
0.268525
0.269589
0.270645
0.271691
0.272728
0.273756
0.274776
0.275788
0.276791
0.277786
0.278774
0.279753
0.280726
0.281690
0.282648
0.283598
0.284542
0.285478
0.286408
0.287331
0.288248
0.289158
0.290063
0.290961
0.291853
0.292739
0.293619
0.294493
0.295362
0.296226
0.297084
0.297936
0.298784
0.299626
0.300463
0.301295
0.302122
0.302944
0.303762
0.304575
0.305383
0.306187
0.306986
0.307781
0.308571
0.309357
0.310139
0.310917
0.311691
0.312460
0.313226
0.313988
0.314745
0.315500
0.316250
0.316996
0.317739
0.318479
0.319214
0.319947
0.320676
0.321401
0.322123
0.322842
0.323557
0.324269
0.324978
0.325684
0.326387
0.327087
0.327783
0.328477
0.329168
0.329855
0.330540
0.331222
0.331901
0.332578
0.333252
0.333923
0.334591
0.335256
0.335919
0.336580
0.337238
0.337893
0.338546
0.339196
0.339844
0.340490
0.341133
0.341774
0.342412
0.343048
0.343682
0.344314
0.344943
0.345571
0.346196
0.346818
0.347439
0.348058
0.348674
0.349289
0.349901
0.350512
0.351120
0.351726
0.352331
0.352933
0.353534
0.354133
0.354730
0.355325
0.355918
0.356509
0.357099
0.357686
0.358272
0.358857
0.359439
0.360020
0.360599
0.361177
0.361752
0.362326
0.362899
0.363470
0.364039
0.364607
0.365173
0.365737
0.366301
0.366862
0.367422
0.367981
0.368538
0.369093
0.369647
0.370200
0.370751
0.371301
0.371850
0.372397
0.372942
0.373487
0.374030
0.374571
0.375112
0.375651
0.376188
0.376725
0.377260
0.377794
0.378327
0.378858
0.379388
0.379917
0.380445
0.380972
0.381497
0.382021
0.382544
0.383066
0.383587
0.384107
0.384625
0.385142
0.385659
0.386174
0.386688
0.387201
0.387713
0.388224
0.388734
0.389242
0.389750
0.390257
0.390763
0.391267
0.391771
0.392274
0.392776
0.393277
0.393776
0.394275
0.394773
0.395270
0.395766
0.396262
0.396756
0.397249
0.397742
0.398233
0.398724
0.399214
0.399702
0.400191
0.400678
0.401164
0.401650
0.402134
0.402618
0.403101
0.403583
0.404065
0.404545
0.405025
0.405504
0.405983
0.406460
0.406937
0.407413
0.407888
0.408362
0.408836
0.409309
0.409781
0.410253
0.410724
0.411194
0.411663
0.412132
0.412600
0.413067
0.413534
0.414000
0.414465
0.414930
0.415394
0.415857
0.416320
0.416782
0.417243
0.417704
0.418164
0.418623
0.419082
0.419541
0.419998
0.420455
0.420912
0.421368
0.421823
0.422277
0.422732
0.423185
0.423638
0.424090
0.424542
0.424994
0.425444
0.425895
0.426344
0.426793
0.427242
0.427690
0.428138
0.428585
0.429031
0.429477
0.429923
0.430368
0.430812
0.431256
0.431700
0.432143
0.432585
0.433027
0.433469
0.433910
0.434351
0.434791
0.435231
0.435670
0.436109
0.436547
0.436985
0.437423
0.437860
0.438297
0.438733
0.439169
0.439604
0.440040
0.440474
0.440908
0.441342
0.441776
0.442209
0.442641
0.443074
0.443505
0.443937
0.444368
0.444799
0.445229
0.445659
0.446089
0.446518
0.446947
0.447376
0.447804
0.448232
0.448659
0.449087
0.449513
0.449940
0.450366
0.450792
0.451218
0.451643
0.452068
0.452493
0.452917
0.453341
0.453765
0.454188
0.454611
0.455034
0.455457
0.455879
0.456301
0.456722
0.457144
0.457565
0.457986
0.458406
0.458827
0.459247
0.459667
0.460086
0.460506
0.460925
0.461343
0.461762
0.462180
0.462598
0.463016
0.463434
0.463851
0.464269
0.464685
0.465102
0.465519
0.465935
0.466351
0.466767
0.467183
0.467598
0.468013
0.468428
0.468843
0.469258
0.469672
0.470087
0.470501
0.470915
0.471328
0.471742
0.472155
0.472569
0.472982
0.473395
0.473807
0.474220
0.474632
0.475045
0.475457
0.475869
0.476280
0.476692
0.477104
0.477515
0.477926
0.478337
0.478748
0.479159
0.479570
0.479980
0.480391
0.480801
0.481212
0.481622
0.482032
0.482442
0.482851
0.483261
0.483671
0.484080
0.484490
0.484899
0.485308
0.485717
0.486126
0.486535
0.486944
0.487353
0.487762
0.488170
0.488579
0.488987
0.489396
0.489804
0.490212
0.490621
0.491029
0.491437
0.491845
0.492253
0.492661
0.493069
0.493477
0.493885
0.494293
0.494701
0.495108
0.495516
0.495924
0.496331
0.496739
0.497147
0.497554
0.497962
0.498370
0.498777
0.499185
0.499592
0.500000
0.500408
0.500815
0.501223
0.501630
0.502038
0.502446
0.502853
0.503261
0.503669
0.504076
0.504484
0.504892
0.505299
0.505707
0.506115
0.506523
0.506931
0.507339
0.507747
0.508155
0.508563
0.508971
0.509379
0.509788
0.510196
0.510604
0.511013
0.511421
0.511830
0.512238
0.512647
0.513056
0.513465
0.513874
0.514283
0.514692
0.515101
0.515510
0.515920
0.516329
0.516739
0.517149
0.517558
0.517968
0.518378
0.518788
0.519199
0.519609
0.520020
0.520430
0.520841
0.521252
0.521663
0.522074
0.522485
0.522896
0.523308
0.523720
0.524131
0.524543
0.524955
0.525368
0.525780
0.526193
0.526605
0.527018
0.527431
0.527845
0.528258
0.528672
0.529085
0.529499
0.529913
0.530328
0.530742
0.531157
0.531572
0.531987
0.532402
0.532817
0.533233
0.533649
0.534065
0.534481
0.534898
0.535315
0.535731
0.536149
0.536566
0.536984
0.537402
0.537820
0.538238
0.538657
0.539075
0.539494
0.539914
0.540333
0.540753
0.541173
0.541594
0.542014
0.542435
0.542856
0.543278
0.543699
0.544121
0.544543
0.544966
0.545389
0.545812
0.546235
0.546659
0.547083
0.547507
0.547932
0.548357
0.548782
0.549208
0.549634
0.550060
0.550487
0.550913
0.551341
0.551768
0.552196
0.552624
0.553053
0.553482
0.553911
0.554341
0.554771
0.555201
0.555632
0.556063
0.556495
0.556926
0.557359
0.557791
0.558224
0.558658
0.559092
0.559526
0.559960
0.560396
0.560831
0.561267
0.561703
0.562140
0.562577
0.563015
0.563453
0.563891
0.564330
0.564769
0.565209
0.565649
0.566090
0.566531
0.566973
0.567415
0.567857
0.568300
0.568744
0.569188
0.569632
0.570077
0.570523
0.570969
0.571415
0.571862
0.572310
0.572758
0.573207
0.573656
0.574105
0.574556
0.575006
0.575458
0.575910
0.576362
0.576815
0.577268
0.577723
0.578177
0.578632
0.579088
0.579545
0.580002
0.580459
0.580918
0.581377
0.581836
0.582296
0.582757
0.583218
0.583680
0.584143
0.584606
0.585070
0.585535
0.586000
0.586466
0.586933
0.587400
0.587868
0.588337
0.588806
0.589276
0.589747
0.590219
0.590691
0.591164
0.591638
0.592112
0.592587
0.593063
0.593540
0.594017
0.594496
0.594975
0.595455
0.595935
0.596417
0.596899
0.597382
0.597866
0.598350
0.598836
0.599322
0.599809
0.600298
0.600786
0.601276
0.601767
0.602258
0.602751
0.603244
0.603738
0.604234
0.604730
0.605227
0.605725
0.606224
0.606723
0.607224
0.607726
0.608229
0.608733
0.609237
0.609743
0.610250
0.610758
0.611266
0.611776
0.612287
0.612799
0.613312
0.613826
0.614341
0.614858
0.615375
0.615893
0.616413
0.616934
0.617456
0.617979
0.618503
0.619028
0.619555
0.620083
0.620612
0.621142
0.621673
0.622206
0.622740
0.623275
0.623812
0.624349
0.624888
0.625429
0.625970
0.626513
0.627058
0.627603
0.628150
0.628699
0.629249
0.629800
0.630353
0.630907
0.631462
0.632019
0.632578
0.633138
0.633699
0.634263
0.634827
0.635393
0.635961
0.636530
0.637101
0.637674
0.638248
0.638823
0.639401
0.639980
0.640561
0.641143
0.641728
0.642314
0.642901
0.643491
0.644082
0.644675
0.645270
0.645867
0.646466
0.647067
0.647669
0.648274
0.648880
0.649488
0.650099
0.650711
0.651326
0.651942
0.652561
0.653182
0.653804
0.654429
0.655057
0.655686
0.656318
0.656952
0.657588
0.658226
0.658867
0.659510
0.660156
0.660804
0.661454
0.662107
0.662762
0.663420
0.664081
0.664744
0.665409
0.666077
0.666748
0.667422
0.668099
0.668778
0.669460
0.670145
0.670832
0.671523
0.672217
0.672913
0.673613
0.674316
0.675022
0.675731
0.676443
0.677158
0.677877
0.678599
0.679324
0.680053
0.680786
0.681521
0.682261
0.683004
0.683750
0.684500
0.685255
0.686012
0.686774
0.687540
0.688309
0.689083
0.689861
0.690643
0.691429
0.692219
0.693014
0.693813
0.694617
0.695425
0.696238
0.697056
0.697878
0.698705
0.699537
0.700374
0.701216
0.702064
0.702916
0.703774
0.704638
0.705507
0.706381
0.707261
0.708147
0.709039
0.709937
0.710842
0.711752
0.712669
0.713592
0.714522
0.715458
0.716402
0.717352
0.718310
0.719274
0.720247
0.721226
0.722214
0.723209
0.724212
0.725224
0.726244
0.727272
0.728309
0.729355
0.730411
0.731475
0.732549
0.733633
0.734727
0.735831
0.736945
0.738070
0.739206
0.740353
0.741512
0.742683
0.743865
0.745061
0.746268
0.747489
0.748724
0.749972
0.751234
0.752511
0.753803
0.755110
0.756433
0.757773
0.759129
0.760503
0.761894
0.763305
0.764734
0.766183
0.767652
0.769143
0.770655
0.772190
0.773749
0.775332
0.776940
0.778574
0.780235
0.781925
0.783644
0.785394
0.787176
0.788992
0.790842
0.792729
0.794654
0.796620
0.798627
0.800679
0.802778
0.804925
0.807125
0.809379
0.811691
0.814065
0.816504
0.819014
0.821597
0.824260
0.827009
0.829850
0.832790
0.835837
0.839001
0.842291
0.845721
0.849304
0.853057
0.856997
0.861147
0.865534
0.870190
0.875154
0.880476
0.886215
0.892454
0.899295
0.906885
0.915425
0.925219
0.936747
0.950843
0.969163
0.995887
