-0.140327
-0.093890
-0.071168
-0.055758
-0.044001
-0.034452
-0.026389
-0.019397
-0.013215
-0.007667
-0.002631
0.001985
0.006248
0.010210
0.013913
0.017391
0.020671
0.023775
0.026722
0.029528
0.032207
0.034770
0.037228
0.039589
0.041861
0.044050
0.046164
0.048208
0.050185
0.052102
0.053960
0.055765
0.057520
0.059226
0.060888
0.062507
0.064086
0.065626
0.067131
0.068600
0.070038
0.071443
0.072819
0.074167
0.075487
0.076781
0.078050
0.079295
0.080517
0.081717
0.082896
0.084054
0.085192
0.086312
0.087412
0.088496
0.089562
0.090611
0.091645
0.092663
0.093666
0.094655
0.095630
0.096591
0.097538
0.098473
0.099396
0.100306
0.101205
0.102092
0.102968
0.103833
0.104687
0.105532
0.106366
0.107191
0.108006
0.108811
0.109608
0.110396
0.111175
0.111946
0.112709
0.113464
0.114211
0.114950
0.115681
0.116406
0.117123
0.117833
0.118536
0.119233
0.119923
0.120606
0.121284
0.121955
0.122619
0.123278
0.123932
0.124579
0.125221
0.125857
0.126488
0.127113
0.127734
0.128349
0.128959
0.129565
0.130165
0.130761
0.131352
0.131938
0.132520
0.133097
0.133670
0.134239
0.134804
0.135364
0.135920
0.136473
0.137021
0.137565
0.138106
0.138643
0.139176
0.139705
0.140231
0.140753
0.141272
0.141787
0.142299
0.142807
0.143313
0.143814
0.144313
0.144809
0.145301
0.145791
0.146277
0.146760
0.147241
0.147718
0.148193
0.148665
0.149134
0.149600
0.150063
0.150524
0.150982
0.151438
0.151891
0.152341
0.152789
0.153234
0.153677
0.154118
0.154556
0.154991
0.155425
0.155856
0.156284
0.156711
0.157135
0.157557
0.157977
0.158395
0.158810
0.159224
0.159635
0.160044
0.160452
0.160857
0.161260
0.161661
0.162061
0.162458
0.162853
0.163247
0.163639
0.164029
0.164417
0.164803
0.165187
0.165570
0.165951
0.166330
0.166707
0.167083
0.167457
0.167830
0.168200
0.168569
0.168937
0.169303
0.169667
0.170030
0.170391
0.170751
0.171109
0.171465
0.171820
0.172174
0.172526
0.172877
0.173226
0.173574
0.173920
0.174265
0.174609
0.174951
0.175292
0.175632
0.175970
0.176307
0.176642
0.176976
0.177309
0.177641
0.177971
0.178300
0.178628
0.178955
0.179280
0.179604
0.179927
0.180249
0.180570
0.180889
0.181207
0.181524
0.181840
0.182155
0.182469
0.182781
0.183093
0.183403
0.183712
0.184021
0.184328
0.184634
0.184939
0.185242
0.185545
0.185847
0.186148
0.186448
0.186746
0.187044
0.187341
0.187637
0.187931
0.188225
0.188518
0.188810
0.189101
0.189391
0.189680
0.189968
0.190255
0.190542
0.190827
0.191112
0.191395
0.191678
0.191960
0.192241
0.192521
0.192800
0.193078
0.193356
0.193632
0.193908
0.194183
0.194457
0.194730
0.195003
0.195275
0.195545
0.195815
0.196085
0.196353
0.196621
0.196888
0.197154
0.197419
0.197684
0.197948
0.198211
0.198473
0.198735
0.198996
0.199256
0.199515
0.199774
0.200032
0.200289
0.200545
0.200801
0.201056
0.201311
0.201564
0.201817
0.202070
0.202321
0.202572
0.202823
0.203072
0.203321
0.203570
0.203817
0.204064
0.204311
0.204556
0.204801
0.205046
0.205290
0.205533
0.205775
0.206017
0.206258
0.206499
0.206739
0.206979
0.207218
0.207456
0.207693
0.207931
0.208167
0.208403
0.208638
0.208873
0.209107
0.209341
0.209574
0.209806
0.210038
0.210269
0.210500
0.210730
0.210960
0.211189
0.211418
0.211646
0.211873
0.212100
0.212327
0.212553
0.212778
0.213003
0.213227
0.213451
0.213674
0.213897
0.214119
0.214341
0.214562
0.214783
0.215003
0.215223
0.215442
0.215661
0.215879
0.216097
0.216315
0.216531
0.216748
0.216964
0.217179
0.217394
0.217608
0.217822
0.218036
0.218249
0.218462
0.218674
0.218886
0.219097
0.219308
0.219518
0.219728
0.219937
0.220146
0.220355
0.220563
0.220771
0.220978
0.221185
0.221391
0.221597
0.221803
0.222008
0.222213
0.222417
0.222621
0.222824
0.223027
0.223230
0.223432
0.223634
0.223836
0.224037
0.224237
0.224438
0.224637
0.224837
0.225036
0.225235
0.225433
0.225631
0.225828
0.226025
0.226222
0.226418
0.226614
0.226810
0.227005
0.227200
0.227394
0.227588
0.227782
0.227976
0.228169
0.228361
0.228553
0.228745
0.228937
0.229128
0.229319
0.229509
0.229700
0.229889
0.230079
0.230268
0.230457
0.230645
0.230833
0.231021
0.231208
0.231395
0.231582
0.231768
0.231954
0.232140
0.232325
0.232510
0.232695
0.232879
0.233063
0.233247
0.233430
0.233613
0.233796
0.233979
0.234161
0.234343
0.234524
0.234705
0.234886
0.235067
0.235247
0.235427
0.235606
0.235786
0.235965
0.236143
0.236322
0.236500
0.236678
0.236855
0.237032
0.237209
0.237386
0.237562
0.237738
0.237914
0.238089
0.238264
0.238439
0.238614
0.238788
0.238962
0.239136
0.239309
0.239482
0.239655
0.239828
0.240000
0.240172
0.240344
0.240515
0.240686
0.240857
0.241028
0.241198
0.241369
0.241538
0.241708
0.241877
0.242046
0.242215
0.242384
0.242552
0.242720
0.242888
0.243055
0.243222
0.243389
0.243556
0.243722
0.243889
0.244054
0.244220
0.244386
0.244551
0.244716
0.244880
0.245045
0.245209
0.245373
0.245537
0.245700
0.245863
0.246026
0.246189
0.246351
0.246514
0.246676
0.246837
0.246999
0.247160
0.247321
0.247482
0.247642
0.247803
0.247963
0.248123
0.248282
0.248442
0.248601
0.248760
0.248919
0.249077
0.249235
0.249393
0.249551
0.249709
0.249866
0.250023
0.250180
0.250337
0.250493
0.250650
0.250806
0.250962
0.251117
0.251273
0.251428
0.251583
0.251737
0.251892
0.252046
0.252200
0.252354
0.252508
0.252661
0.252815
0.252968
0.253121
0.253273
0.253426
0.253578
0.253730
0.253882
0.254033
0.254185
0.254336
0.254487
0.254638
0.254788
0.254939
0.255089
0.255239
0.255389
0.255538
0.255688
0.255837
0.255986
0.256135
0.256283
0.256432
0.256580
0.256728
0.256876
0.257024
0.257171
0.257318
0.257466
0.257612
0.257759
0.257906
0.258052
0.258198
0.258344
0.258490
0.258636
0.258781
0.258926
0.259071
0.259216
0.259361
0.259505
0.259650
0.259794
0.259938
0.260082
0.260225
0.260369
0.260512
0.260655
0.260798
0.260941
0.261083
0.261226
0.261368
0.261510
0.261652
0.261793
0.261935
0.262076
0.262217
0.262358
0.262499
0.262640
0.262780
0.262921
0.263061
0.263201
0.263341
0.263480
0.263620
0.263759
0.263898
0.264037
0.264176
0.264315
0.264453
0.264592
0.264730
0.264868
0.265006
0.265144
0.265281
0.265418
0.265556
0.265693
0.265830
0.265966
0.266103
0.266239
0.266376
0.266512
0.266648
0.266784
0.266919
0.267055
0.267190
0.267325
0.267460
0.267595
0.267730
0.267864
0.267999
0.268133
0.268267
0.268401
0.268535
0.268669
0.268802
0.268936
0.269069
0.269202
0.269335
0.269468
0.269600
0.269733
0.269865
0.269998
0.270130
0.270262
0.270393
0.270525
0.270656
0.270788
0.270919
0.271050
0.271181
0.271312
0.271442
0.271573
0.271703
0.271834
0.271964
0.272094
0.272223
0.272353
0.272483
0.272612
0.272741
0.272870
0.272999
0.273128
0.273257
0.273385
0.273514
0.273642
0.273770
0.273898
0.274026
0.274154
0.274282
0.274409
0.274537
0.274664
0.274791
0.274918
0.275045
0.275172
0.275298
0.275425
0.275551
0.275677
0.275803
0.275929
0.276055
0.276181
0.276306
0.276432
0.276557
0.276682
0.276807
0.276932
0.277057
0.277182
0.277306
0.277431
0.277555
0.277679
0.277803
0.277927
0.278051
0.278175
0.278298
0.278422
0.278545
0.278668
0.278792
0.278915
0.279037
0.279160
0.279283
0.279405
0.279528
0.279650
0.279772
0.279894
0.280016
0.280138
0.280259
0.280381
0.280502
0.280624
0.280745
0.280866
0.280987
0.281108
0.281228
0.281349
0.281470
0.281590
0.281710
0.281830
0.281951
0.282070
0.282190
0.282310
0.282430
0.282549
0.282668
0.282788
0.282907
0.283026
0.283145
0.283264
0.283382
0.283501
0.283620
0.283738
0.283856
0.283974
0.284092
0.284210
0.284328
0.284446
0.284564
0.284681
0.284799
0.284916
0.285033
0.285150
0.285267
0.285384
0.285501
0.285617
0.285734
0.285850
0.285967
0.286083
0.286199
0.286315
0.286431
0.286547
0.286663
0.286778
0.286894
0.287009
0.287125
0.287240
0.287355
0.287470
0.287585
0.287700
0.287815
0.287929
0.288044
0.288158
0.288272
0.288387
0.288501
0.288615
0.288729
0.288843
0.288956
0.289070
0.289183
0.289297
0.289410
0.289523
0.289637
0.289750
0.289863
0.289975
0.290088
0.290201
0.290313
0.290426
0.290538
0.290651
0.290763
0.290875
0.290987
0.291099
0.291211
0.291322
0.291434
0.291545
0.291657
0.291768
0.291879
0.291991
0.292102
0.292213
0.292323
0.292434
0.292545
0.292656
0.292766
0.292876
0.292987
0.293097
0.293207
0.293317
0.293427
0.293537
0.293647
0.293757
0.293866
0.293976
0.294085
0.294194
0.294304
0.294413
0.294522
0.294631
0.294740
0.294849
0.294957
0.295066
0.295175
0.295283
0.295391
0.295500
0.295608
0.295716
0.295824
0.295932
0.296040
0.296148
0.296255
0.296363
0.296470
0.296578
0.296685
0.296792
0.296900
0.297007
0.297114
0.297221
0.297328
0.297434
0.297541
0.297648
0.297754
0.297861
0.297967
0.298073
0.298179
0.298285
0.298391
0.298497
0.298603
0.298709
0.298815
0.298920
0.299026
0.299131
0.299237
0.299342
0.299447
0.299552
0.299657
0.299762
0.299867
0.299972
0.300077
0.300182
0.300286
0.300391
0.300495
0.300599
0.300704
0.300808
0.300912
0.301016
0.301120
0.301224
0.301328
0.301431
0.301535
0.301639
0.301742
0.301846
0.301949
0.302052
0.302155
0.302258
0.302361
0.302464
0.302567
0.302670
0.302773
0.302876
0.302978
0.303081
0.303183
0.303285
0.303388
0.303490
0.303592
0.303694
0.303796
0.303898
0.304000
0.304102
0.304203
0.304305
0.304407
0.304508
0.304610
0.304711
0.304812
0.304913
0.305014
0.305116
0.305216
0.305317
0.305418
0.305519
0.305620
0.305720
0.305821
0.305921
0.306022
0.306122
0.306222
0.306323
0.306423
0.306523
0.306623
0.306723
0.306823
0.306922
0.307022
0.307122
0.307221
0.307321
0.307420
0.307520
0.307619
0.307718
0.307817
0.307916
0.308015
0.308114
0.308213
0.308312
0.308411
0.308510
0.308608
0.308707
0.308805
0.308904
0.309002
0.309100
0.309199
0.309297
0.309395
0.309493
0.309591
0.309689
0.309787
0.309884
0.309982
0.310080
0.310177
0.310275
0.310372
0.310470
0.310567
0.310664
0.310761
0.310858
0.310955
0.311052
0.311149
0.311246
0.311343
0.311440
0.311536
0.311633
0.311730
0.311826
0.311923
0.312019
0.312115
0.312211
0.312308
0.312404
0.312500
0.312596
0.312692
0.312787
0.312883
0.312979
0.313075
0.313170
0.313266
0.313361
0.313457
0.313552
0.313647
0.313743
0.313838
0.313933
0.314028
0.314123
0.314218
0.314313
0.314408
0.314502
0.314597
0.314692
0.314786
0.314881
0.314975
0.315070
0.315164
0.315258
0.315353
0.315447
0.315541
0.315635
0.315729
0.315823
0.315917
0.316010
0.316104
0.316198
0.316292
0.316385
0.316479
0.316572
0.316666
0.316759
0.316852
0.316945
0.317039
0.317132
0.317225
0.317318
0.317411
0.317504
0.317596
0.317689
0.317782
0.317875
0.317967
0.318060
0.318152
0.318245
0.318337
0.318429
0.318522
0.318614
0.318706
0.318798
0.318890
0.318982
0.319074
0.319166
0.319258
0.319350
0.319441
0.319533
0.319625
0.319716
0.319808
0.319899
0.319991
0.320082
0.320173
0.320265
0.320356
0.320447
0.320538
0.320629
0.320720
0.320811
0.320902
0.320992
0.321083
0.321174
0.321265
0.321355
0.321446
0.321536
0.321627
0.321717
0.321807
0.321898
0.321988
0.322078
0.322168
0.322258
0.322348
0.322438
0.322528
0.322618
0.322708
0.322798
0.322887
0.322977
0.323067
0.323156
0.323246
0.323335
0.323424
0.323514
0.323603
0.323692
0.323782
0.323871
0.323960
0.324049
0.324138
0.324227
0.324316
0.324405
0.324493
0.324582
0.324671
0.324759
0.324848
0.324937
0.325025
0.325114
0.325202
0.325290
0.325379
0.325467
0.325555
0.325643
0.325731
0.325819
0.325907
0.325995
0.326083
0.326171
0.326259
0.326347
0.326434
0.326522
0.326610
0.326697
0.326785
0.326872
0.326960
0.327047
0.327135
0.327222
0.327309
0.327396
0.327483
0.327571
0.327658
0.327745
0.327832
0.327918
0.328005
0.328092
0.328179
0.328266
0.328352
0.328439
0.328526
0.328612
0.328699
0.328785
0.328871
0.328958
0.329044
0.329130
0.329217
0.329303
0.329389
0.329475
0.329561
0.329647
0.329733
0.329819
0.329905
0.329991
0.330076
0.330162
0.330248
0.330333
0.330419
0.330505
0.330590
0.330675
0.330761
0.330846
0.330932
0.331017
0.331102
0.331187
0.331272
0.331358
0.331443
0.331528
0.331613
0.331697
0.331782
0.331867
0.331952
0.332037
0.332121
0.332206
0.332291
0.332375
0.332460
0.332544
0.332629
0.332713
0.332798
0.332882
0.332966
0.333050
0.333135
0.333219
0.333303
0.333387
0.333471
0.333555
0.333639
0.333723
0.333807
0.333890
0.333974
0.334058
0.334142
0.334225
0.334309
0.334392
0.334476
0.334559
0.334643
0.334726
0.334810
0.334893
0.334976
0.335059
0.335143
0.335226
0.335309
0.335392
0.335475
0.335558
0.335641
0.335724
0.335807
0.335889
0.335972
0.336055
0.336138
0.336220
0.336303
0.336386
0.336468
0.336551
0.336633
0.336715
0.336798
0.336880
0.336962
0.337045
0.337127
0.337209
0.337291
0.337373
0.337455
0.337537
0.337619
0.337701
0.337783
0.337865
0.337947
0.338029
0.338110
0.338192
0.338274
0.338355
0.338437
0.338519
0.338600
0.338682
0.338763
0.338844
0.338926
0.339007
0.339088
0.339170
0.339251
0.339332
0.339413
0.339494
0.339575
0.339656
0.339737
0.339818
0.339899
0.339980
0.340061
0.340142
0.340222
0.340303
0.340384
0.340464
0.340545
0.340626
0.340706
0.340787
0.340867
0.340948
0.341028
0.341108
0.341189
0.341269
0.341349
0.341429
0.341509
0.341590
0.341670
0.341750
0.341830
0.341910
0.341990
0.342070
0.342149
0.342229
0.342309
0.342389
0.342469
0.342548
0.342628
0.342707
0.342787
0.342867
0.342946
0.343026
0.343105
0.343184
0.343264
0.343343
0.343422
0.343502
0.343581
0.343660
0.343739
0.343818
0.343897
0.343976
0.344055
0.344134
0.344213
0.344292
0.344371
0.344450
0.344529
0.344608
0.344686
0.344765
0.344844
0.344922
0.345001
0.345079
0.345158
0.345237
0.345315
0.345393
0.345472
0.345550
0.345628
0.345707
0.345785
0.345863
0.345941
0.346020
0.346098
0.346176
0.346254
0.346332
0.346410
0.346488
0.346566
0.346644
0.346721
0.346799
0.346877
0.346955
0.347032
0.347110
0.347188
0.347265
0.347343
0.347421
0.347498
0.347576
0.347653
0.347730
0.347808
0.347885
0.347962
0.348040
0.348117
0.348194
0.348271
0.348349
0.348426
0.348503
0.348580
0.348657
0.348734
0.348811
0.348888
0.348965
0.349042
0.349118
0.349195
0.349272
0.349349
0.349425
0.349502
0.349579
0.349655
0.349732
0.349808
0.349885
0.349961
0.350038
0.350114
0.350191
0.350267
0.350343
0.350420
0.350496
0.350572
0.350648
0.350725
0.350801
0.350877
0.350953
0.351029
0.351105
0.351181
0.351257
0.351333
0.351409
0.351485
0.351560
0.351636
0.351712
0.351788
0.351863
0.351939
0.352015
0.352090
0.352166
0.352241
0.352317
0.352392
0.352468
0.352543
0.352619
0.352694
0.352769
0.352845
0.352920
0.352995
0.353071
0.353146
0.353221
0.353296
0.353371
0.353446
0.353521
0.353596
0.353671
0.353746
0.353821
0.353896
0.353971
0.354046
0.354120
0.354195
0.354270
0.354345
0.354419
0.354494
0.354569
0.354643
0.354718
0.354792
0.354867
0.354941
0.355016
0.355090
0.355165
0.355239
0.355313
0.355388
0.355462
0.355536
0.355611
0.355685
0.355759
0.355833
0.355907
0.355981
0.356055
0.356129
0.356203
0.356277
0.356351
0.356425
0.356499
0.356573
0.356647
0.356720
0.356794
0.356868
0.356942
0.357015
0.357089
0.357163
0.357236
0.357310
0.357383
0.357457
0.357530
0.357604
0.357677
0.357751
0.357824
0.357897
0.357971
0.358044
0.358117
0.358191
0.358264
0.358337
0.358410
0.358483
0.358556
0.358630
0.358703
0.358776
0.358849
0.358922
0.358995
0.359067
0.359140
0.359213
0.359286
0.359359
0.359432
0.359504
0.359577
0.359650
0.359723
0.359795
0.359868
0.359940
0.360013
0.360086
0.360158
0.360231
0.360303
0.360375
0.360448
0.360520
0.360593
0.360665
0.360737
0.360810
0.360882
0.360954
0.361026
0.361098
0.361171
0.361243
0.361315
0.361387
0.361459
0.361531
0.361603
0.361675
0.361747
0.361819
0.361891
0.361962
0.362034
0.362106
0.362178
0.362250
0.362321
0.362393
0.362465
0.362536
0.362608
0.362680
0.362751
0.362823
0.362894
0.362966
0.363037
0.363109
0.363180
0.363252
0.363323
0.363394
0.363466
0.363537
0.363608
0.363680
0.363751
0.363822
0.363893
0.363964
0.364036
0.364107
0.364178
0.364249
0.364320
0.364391
0.364462
0.364533
0.364604
0.364675
0.364746
0.364816
0.364887
0.364958
0.365029
0.365100
0.365170
0.365241
0.365312
0.365382
0.365453
0.365524
0.365594
0.365665
0.365735
0.365806
0.365876
0.365947
0.366017
0.366088
0.366158
0.366229
0.366299
0.366369
0.366440
0.366510
0.366580
0.366650
0.366721
0.366791
0.366861
0.366931
0.367001
0.367071
0.367141
0.367211
0.367282
0.367352
0.367421
0.367491
0.367561
0.367631
0.367701
0.367771
0.367841
0.367911
0.367980
0.368050
0.368120
0.368190
0.368259
0.368329
0.368399
0.368468
0.368538
0.368608
0.368677
0.368747
0.368816
0.368886
0.368955
0.369025
0.369094
0.369163
0.369233
0.369302
0.369372
0.369441
0.369510
0.369579
0.369649
0.369718
0.369787
0.369856
0.369925
0.369995
0.370064
0.370133
0.370202
0.370271
0.370340
0.370409
0.370478
0.370547
0.370616
0.370685
0.370754
0.370822
0.370891
0.370960
0.371029
0.371098
0.371166
0.371235
0.371304
0.371373
0.371441
0.371510
0.371579
0.371647
0.371716
0.371784
0.371853
0.371921
0.371990
0.372058
0.372127
0.372195
0.372264
0.372332
0.372400
0.372469
0.372537
0.372605
0.372674
0.372742
0.372810
0.372878
0.372946
0.373015
0.373083
0.373151
0.373219
0.373287
0.373355
0.373423
0.373491
0.373559
0.373627
0.373695
0.373763
0.373831
0.373899
0.373967
0.374035
0.374103
0.374170
0.374238
0.374306
0.374374
0.374441
0.374509
0.374577
0.374645
0.374712
0.374780
0.374847
0.374915
0.374983
0.375050
0.375118
0.375185
0.375253
0.375320
0.375388
0.375455
0.375522
0.375590
0.375657
0.375724
0.375792
0.375859
0.375926
0.375994
0.376061
0.376128
0.376195
0.376262
0.376330
0.376397
0.376464
0.376531
0.376598
0.376665
0.376732
0.376799
0.376866
0.376933
0.377000
0.377067
0.377134
0.377201
0.377268
0.377335
0.377402
0.377468
0.377535
0.377602
0.377669
0.377735
0.377802
0.377869
0.377936
0.378002
0.378069
0.378136
0.378202
0.378269
0.378335
0.378402
0.378468
0.378535
0.378601
0.378668
0.378734
0.378801
0.378867
0.378934
0.379000
0.379066
0.379133
0.379199
0.379265
0.379331
0.379398
0.379464
0.379530
0.379596
0.379663
0.379729
0.379795
0.379861
0.379927
0.379993
0.380059
0.380125
0.380191
0.380257
0.380323
0.380389
0.380455
0.380521
0.380587
0.380653
0.380719
0.380785
0.380851
0.380917
0.380982
0.381048
0.381114
0.381180
0.381245
0.381311
0.381377
0.381443
0.381508
0.381574
0.381639
0.381705
0.381771
0.381836
0.381902
0.381967
0.382033
0.382098
0.382164
0.382229
0.382295
0.382360
0.382426
0.382491
0.382556
0.382622
0.382687
0.382752
0.382818
0.382883
0.382948
0.383013
0.383079
0.383144
0.383209
0.383274
0.383339
0.383404
0.383470
0.383535
0.383600
0.383665
0.383730
0.383795
0.383860
0.383925
0.383990
0.384055
0.384120
0.384185
0.384250
0.384315
0.384379
0.384444
0.384509
0.384574
0.384639
0.384703
0.384768
0.384833
0.384898
0.384962
0.385027
0.385092
0.385156
0.385221
0.385286
0.385350
0.385415
0.385480
0.385544
0.385609
0.385673
0.385738
0.385802
0.385867
0.385931
0.385996
0.386060
0.386124
0.386189
0.386253
0.386317
0.386382
0.386446
0.386510
0.386575
0.386639
0.386703
0.386767
0.386832
0.386896
0.386960
0.387024
0.387088
0.387153
0.387217
0.387281
0.387345
0.387409
0.387473
0.387537
0.387601
0.387665
0.387729
0.387793
0.387857
0.387921
0.387985
0.388049
0.388113
0.388176
0.388240
0.388304
0.388368
0.388432
0.388496
0.388559
0.388623
0.388687
0.388751
0.388814
0.388878
0.388942
0.389005
0.389069
0.389133
0.389196
0.389260
0.389323
0.389387
0.389450
0.389514
0.389578
0.389641
0.389704
0.389768
0.389831
0.389895
0.389958
0.390022
0.390085
0.390148
0.390212
0.390275
0.390338
0.390402
0.390465
0.390528
0.390592
0.390655
0.390718
0.390781
0.390844
0.390908
0.390971
0.391034
0.391097
0.391160
0.391223
0.391286
0.391349
0.391413
0.391476
0.391539
0.391602
0.391665
0.391728
0.391791
0.391853
0.391916
0.391979
0.392042
0.392105
0.392168
0.392231
0.392294
0.392356
0.392419
0.392482
0.392545
0.392608
0.392670
0.392733
0.392796
0.392859
0.392921
0.392984
0.393047
0.393109
0.393172
0.393234
0.393297
0.393360
0.393422
0.393485
0.393547
0.393610
0.393672
0.393735
0.393797
0.393860
0.393922
0.393985
0.394047
0.394109
0.394172
0.394234
0.394297
0.394359
0.394421
0.394484
0.394546
0.394608
0.394670
0.394733
0.394795
0.394857
0.394919
0.394982
0.395044
0.395106
0.395168
0.395230
0.395292
0.395354
0.395416
0.395479
0.395541
0.395603
0.395665
0.395727
0.395789
0.395851
0.395913
0.395975
0.396037
0.396099
0.396160
0.396222
0.396284
0.396346
0.396408
0.396470
0.396532
0.396594
0.396655
0.396717
0.396779
0.396841
0.396902
0.396964
0.397026
0.397088
0.397149
0.397211
0.397273
0.397334
0.397396
0.397458
0.397519
0.397581
0.397642
0.397704
0.397765
0.397827
0.397888
0.397950
0.398012
0.398073
0.398134
0.398196
0.398257
0.398319
0.398380
0.398442
0.398503
0.398564
0.398626
0.398687
0.398748
0.398810
0.398871
0.398932
0.398994
0.399055
0.399116
0.399177
0.399239
0.399300
0.399361
0.399422
0.399483
0.399544
0.399606
0.399667
0.399728
0.399789
0.399850
0.399911
0.399972
0.400033
0.400094
0.400155
0.400216
0.400277
0.400338
0.400399
0.400460
0.400521
0.400582
0.400643
0.400704
0.400765
0.400826
0.400886
0.400947
0.401008
0.401069
0.401130
0.401191
0.401251
0.401312
0.401373
0.401434
0.401494
0.401555
0.401616
0.401676
0.401737
0.401798
0.401858
0.401919
0.401980
0.402040
0.402101
0.402162
0.402222
0.402283
0.402343
0.402404
0.402464
0.402525
0.402585
0.402646
0.402706
0.402767
0.402827
0.402888
0.402948
0.403008
0.403069
0.403129
0.403190
0.403250
0.403310
0.403371
0.403431
0.403491
0.403551
0.403612
0.403672
0.403732
0.403792
0.403853
0.403913
0.403973
0.404033
0.404094
0.404154
0.404214
0.404274
0.404334
0.404394
0.404454
0.404514
0.404575
0.404635
0.404695
0.404755
0.404815
0.404875
0.404935
0.404995
0.405055
0.405115
0.405175
0.405235
0.405294
0.405354
0.405414
0.405474
0.405534
0.405594
0.405654
0.405714
0.405774
0.405833
0.405893
0.405953
0.406013
0.406072
0.406132
0.406192
0.406252
0.406311
0.406371
0.406431
0.406491
0.406550
0.406610
0.406670
0.406729
0.406789
0.406848
0.406908
0.406968
0.407027
0.407087
0.407146
0.407206
0.407265
0.407325
0.407384
0.407444
0.407503
0.407563
0.407622
0.407682
0.407741
0.407801
0.407860
0.407920
0.407979
0.408038
0.408098
0.408157
0.408216
0.408276
0.408335
0.408394
0.408454
0.408513
0.408572
0.408631
0.408691
0.408750
0.408809
0.408868
0.408928
0.408987
0.409046
0.409105
0.409164
0.409223
0.409283
0.409342
0.409401
0.409460
0.409519
0.409578
0.409637
0.409696
0.409755
0.409814
0.409873
0.409932
0.409991
0.410050
0.410109
0.410168
0.410227
0.410286
0.410345
0.410404
0.410463
0.410522
0.410581
0.410640
0.410699
0.410757
0.410816
0.410875
0.410934
0.410993
0.411052
0.411110
0.411169
0.411228
0.411287
0.411345
0.411404
0.411463
0.411522
0.411580
0.411639
0.411698
0.411756
0.411815
0.411874
0.411932
0.411991
0.412049
0.412108
0.412167
0.412225
0.412284
0.412342
0.412401
0.412459
0.412518
0.412577
0.412635
0.412694
0.412752
0.412810
0.412869
0.412927
0.412986
0.413044
0.413103
0.413161
0.413219
0.413278
0.413336
0.413395
0.413453
0.413511
0.413570
0.413628
0.413686
0.413745
0.413803
0.413861
0.413919
0.413978
0.414036
0.414094
0.414152
0.414211
0.414269
0.414327
0.414385
0.414443
0.414502
0.414560
0.414618
0.414676
0.414734
0.414792
0.414850
0.414908
0.414967
0.415025
0.415083
0.415141
0.415199
0.415257
0.415315
0.415373
0.415431
0.415489
0.415547
0.415605
0.415663
0.415721
0.415779
0.415837
0.415895
0.415952
0.416010
0.416068
0.416126
0.416184
0.416242
0.416300
0.416358
0.416415
0.416473
0.416531
0.416589
0.416647
0.416704
0.416762
0.416820
0.416878
0.416935
0.416993
0.417051
0.417109
0.417166
0.417224
0.417282
0.417339
0.417397
0.417455
0.417512
0.417570
0.417627
0.417685
0.417743
0.417800
0.417858
0.417915
0.417973
0.418031
0.418088
0.418146
0.418203
0.418261
0.418318
0.418376
0.418433
0.418491
0.418548
0.418605
0.418663
0.418720
0.418778
0.418835
0.418893
0.418950
0.419007
0.419065
0.419122
0.419180
0.419237
0.419294
0.419352
0.419409
0.419466
0.419523
0.419581
0.419638
0.419695
0.419753
0.419810
0.419867
0.419924
0.419982
0.420039
0.420096
0.420153
0.420210
0.420268
0.420325
0.420382
0.420439
0.420496
0.420553
0.420610
0.420667
0.420725
0.420782
0.420839
0.420896
0.420953
0.421010
0.421067
0.421124
0.421181
0.421238
0.421295
0.421352
0.421409
0.421466
0.421523
0.421580
0.421637
0.421694
0.421751
0.421808
0.421865
0.421922
0.421979
0.422035
0.422092
0.422149
0.422206
0.422263
0.422320
0.422377
0.422433
0.422490
0.422547
0.422604
0.422661
0.422717
0.422774
0.422831
0.422888
0.422944
0.423001
0.423058
0.423115
0.423171
0.423228
0.423285
0.423341
0.423398
0.423455
0.423511
0.423568
0.423625
0.423681
0.423738
0.423795
0.423851
0.423908
0.423964
0.424021
0.424078
0.424134
0.424191
0.424247
0.424304
0.424360
0.424417
0.424473
0.424530
0.424586
0.424643
0.424699
0.424756
0.424812
0.424869
0.424925
0.424981
0.425038
0.425094
0.425151
0.425207
0.425264
0.425320
0.425376
0.425433
0.425489
0.425545
0.425602
0.425658
0.425714
0.425771
0.425827
0.425883
0.425940
0.425996
0.426052
0.426108
0.426165
0.426221
0.426277
0.426333
0.426389
0.426446
0.426502
0.426558
0.426614
0.426670
0.426727
0.426783
0.426839
0.426895
0.426951
0.427007
0.427063
0.427120
0.427176
0.427232
0.427288
0.427344
0.427400
0.427456
0.427512
0.427568
0.427624
0.427680
0.427736
0.427792
0.427848
0.427904
0.427960
0.428016
0.428072
0.428128
0.428184
0.428240
0.428296
0.428352
0.428408
0.428464
0.428520
0.428576
0.428631
0.428687
0.428743
0.428799
0.428855
0.428911
0.428967
0.429023
0.429078
0.429134
0.429190
0.429246
0.429302
0.429357
0.429413
0.429469
0.429525
0.429580
0.429636
0.429692
0.429748
0.429803
0.429859
0.429915
0.429971
0.430026
0.430082
0.430138
0.430193
0.430249
0.430305
0.430360
0.430416
0.430471
0.430527
0.430583
0.430638
0.430694
0.430749
0.430805
0.430861
0.430916
0.430972
0.431027
0.431083
0.431138
0.431194
0.431249
0.431305
0.431361
0.431416
0.431471
0.431527
0.431582
0.431638
0.431693
0.431749
0.431804
0.431860
0.431915
0.431971
0.432026
0.432081
0.432137
0.432192
0.432248
0.432303
0.432358
0.432414
0.432469
0.432524
0.432580
0.432635
0.432690
0.432746
0.432801
0.432856
0.432912
0.432967
0.433022
0.433078
0.433133
0.433188
0.433243
0.433299
0.433354
0.433409
0.433464
0.433519
0.433575
0.433630
0.433685
0.433740
0.433795
0.433851
0.433906
0.433961
0.434016
0.434071
0.434126
0.434182
0.434237
0.434292
0.434347
0.434402
0.434457
0.434512
0.434567
0.434622
0.434677
0.434732
0.434787
0.434843
0.434898
0.434953
0.435008
0.435063
0.435118
0.435173
0.435228
0.435283
0.435338
0.435393
0.435448
0.435502
0.435557
0.435612
0.435667
0.435722
0.435777
0.435832
0.435887
0.435942
0.435997
0.436052
0.436107
0.436161
0.436216
0.436271
0.436326
0.436381
0.436436
0.436491
0.436545
0.436600
0.436655
0.436710
0.436765
0.436819
0.436874
0.436929
0.436984
0.437039
0.437093
0.437148
0.437203
0.437258
0.437312
0.437367
0.437422
0.437476
0.437531
0.437586
0.437641
0.437695
0.437750
0.437805
0.437859
0.437914
0.437969
0.438023
0.438078
0.438132
0.438187
0.438242
0.438296
0.438351
0.438405
0.438460
0.438515
0.438569
0.438624
0.438678
0.438733
0.438787
0.438842
0.438897
0.438951
0.439006
0.439060
0.439115
0.439169
0.439224
0.439278
0.439333
0.439387
0.439442
0.439496
0.439551
0.439605
0.439659
0.439714
0.439768
0.439823
0.439877
0.439932
0.439986
0.440040
0.440095
0.440149
0.440204
0.440258
0.440312
0.440367
0.440421
0.440475
0.440530
0.440584
0.440638
0.440693
0.440747
0.440801
0.440856
0.440910
0.440964
0.441019
0.441073
0.441127
0.441181
0.441236
0.441290
0.441344
0.441398
0.441453
0.441507
0.441561
0.441615
0.441670
0.441724
0.441778
0.441832
0.441886
0.441941
0.441995
0.442049
0.442103
0.442157
0.442211
0.442266
0.442320
0.442374
0.442428
0.442482
0.442536
0.442590
0.442644
0.442698
0.442753
0.442807
0.442861
0.442915
0.442969
0.443023
0.443077
0.443131
0.443185
0.443239
0.443293
0.443347
0.443401
0.443455
0.443509
0.443563
0.443617
0.443671
0.443725
0.443779
0.443833
0.443887
0.443941
0.443995
0.444049
0.444103
0.444157
0.444211
0.444265
0.444319
0.444373
0.444426
0.444480
0.444534
0.444588
0.444642
0.444696
0.444750
0.444804
0.444858
0.444911
0.444965
0.445019
0.445073
0.445127
0.445181
0.445234
0.445288
0.445342
0.445396
0.445450
0.445503
0.445557
0.445611
0.445665
0.445719
0.445772
0.445826
0.445880
0.445934
0.445987
0.446041
0.446095
0.446149
0.446202
0.446256
0.446310
0.446363
0.446417
0.446471
0.446524
0.446578
0.446632
0.446686
0.446739
0.446793
0.446846
0.446900
0.446954
0.447007
0.447061
0.447115
0.447168
0.447222
0.447276
0.447329
0.447383
0.447436
0.447490
0.447544
0.447597
0.447651
0.447704
0.447758
0.447811
0.447865
0.447918
0.447972
0.448026
0.448079
0.448133
0.448186
0.448240
0.448293
0.448347
0.448400
0.448454
0.448507
0.448561
0.448614
0.448668
0.448721
0.448774
0.448828
0.448881
0.448935
0.448988
0.449042
0.449095
0.449149
0.449202
0.449255
0.449309
0.449362
0.449416
0.449469
0.449522
0.449576
0.449629
0.449682
0.449736
0.449789
0.449843
0.449896
0.449949
0.450003
0.450056
0.450109
0.450163
0.450216
0.450269
0.450323
0.450376
0.450429
0.450482
0.450536
0.450589
0.450642
0.450696
0.450749
0.450802
0.450855
0.450909
0.450962
0.451015
0.451068
0.451122
0.451175
0.451228
0.451281
0.451334
0.451388
0.451441
0.451494
0.451547
0.451600
0.451654
0.451707
0.451760
0.451813
0.451866
0.451919
0.451973
0.452026
0.452079
0.452132
0.452185
0.452238
0.452291
0.452345
0.452398
0.452451
0.452504
0.452557
0.452610
0.452663
0.452716
0.452769
0.452822
0.452876
0.452929
0.452982
0.453035
0.453088
0.453141
0.453194
0.453247
0.453300
0.453353
0.453406
0.453459
0.453512
0.453565
0.453618
0.453671
0.453724
0.453777
0.453830
0.453883
0.453936
0.453989
0.454042
0.454095
0.454148
0.454201
0.454254
0.454307
0.454360
0.454413
0.454466
0.454518
0.454571
0.454624
0.454677
0.454730
0.454783
0.454836
0.454889
0.454942
0.454995
0.455047
0.455100
0.455153
0.455206
0.455259
0.455312
0.455365
0.455418
0.455470
0.455523
0.455576
0.455629
0.455682
0.455735
0.455787
0.455840
0.455893
0.455946
0.455999
0.456051
0.456104
0.456157
0.456210
0.456263
0.456315
0.456368
0.456421
0.456474
0.456526
0.456579
0.456632
0.456685
0.456737
0.456790
0.456843
0.456896
0.456948
0.457001
0.457054
0.457106
0.457159
0.457212
0.457265
0.457317
0.457370
0.457423
0.457475
0.457528
0.457581
0.457633
0.457686
0.457739
0.457791
0.457844
0.457897
0.457949
0.458002
0.458054
0.458107
0.458160
0.458212
0.458265
0.458318
0.458370
0.458423
0.458475
0.458528
0.458581
0.458633
0.458686
0.458738
0.458791
0.458844
0.458896
0.458949
0.459001
0.459054
0.459106
0.459159
0.459211
0.459264
0.459316
0.459369
0.459422
0.459474
0.459527
0.459579
0.459632
0.459684
0.459737
0.459789
0.459842
0.459894
0.459947
0.459999
0.460052
0.460104
0.460156
0.460209
0.460261
0.460314
0.460366
0.460419
0.460471
0.460524
0.460576
0.460629
0.460681
0.460733
0.460786
0.460838
0.460891
0.460943
0.460995
0.461048
0.461100
0.461153
0.461205
0.461257
0.461310
0.461362
0.461415
0.461467
0.461519
0.461572
0.461624
0.461676
0.461729
0.461781
0.461834
0.461886
0.461938
0.461991
0.462043
0.462095
0.462148
0.462200
0.462252
0.462304
0.462357
0.462409
0.462461
0.462514
0.462566
0.462618
0.462671
0.462723
0.462775
0.462827
0.462880
0.462932
0.462984
0.463036
0.463089
0.463141
0.463193
0.463246
0.463298
0.463350
0.463402
0.463454
0.463507
0.463559
0.463611
0.463663
0.463716
0.463768
0.463820
0.463872
0.463924
0.463977
0.464029
0.464081
0.464133
0.464185
0.464238
0.464290
0.464342
0.464394
0.464446
0.464498
0.464551
0.464603
0.464655
0.464707
0.464759
0.464811
0.464863
0.464916
0.464968
0.465020
0.465072
0.465124
0.465176
0.465228
0.465280
0.465333
0.465385
0.465437
0.465489
0.465541
0.465593
0.465645
0.465697
0.465749
0.465801
0.465853
0.465905
0.465958
0.466010
0.466062
0.466114
0.466166
0.466218
0.466270
0.466322
0.466374
0.466426
0.466478
0.466530
0.466582
0.466634
0.466686
0.466738
0.466790
0.466842
0.466894
0.466946
0.466998
0.467050
0.467102
0.467154
0.467206
0.467258
0.467310
0.467362
0.467414
0.467466
0.467518
0.467570
0.467622
0.467674
0.467726
0.467778
0.467830
0.467882
0.467934
0.467986
0.468038
0.468090
0.468141
0.468193
0.468245
0.468297
0.468349
0.468401
0.468453
0.468505
0.468557
0.468609
0.468661
0.468713
0.468764
0.468816
0.468868
0.468920
0.468972
0.469024
0.469076
0.469128
0.469179
0.469231
0.469283
0.469335
0.469387
0.469439
0.469491
0.469543
0.469594
0.469646
0.469698
0.469750
0.469802
0.469854
0.469905
0.469957
0.470009
0.470061
0.470113
0.470165
0.470216
0.470268
0.470320
0.470372
0.470424
0.470475
0.470527
0.470579
0.470631
0.470683
0.470734
0.470786
0.470838
0.470890
0.470941
0.470993
0.471045
0.471097
0.471148
0.471200
0.471252
0.471304
0.471355
0.471407
0.471459
0.471511
0.471562
0.471614
0.471666
0.471718
0.471769
0.471821
0.471873
0.471925
0.471976
0.472028
0.472080
0.472131
0.472183
0.472235
0.472287
0.472338
0.472390
0.472442
0.472493
0.472545
0.472597
0.472648
0.472700
0.472752
0.472803
0.472855
0.472907
0.472958
0.473010
0.473062
0.473113
0.473165
0.473217
0.473268
0.473320
0.473372
0.473423
0.473475
0.473527
0.473578
0.473630
0.473682
0.473733
0.473785
0.473836
0.473888
0.473940
0.473991
0.474043
0.474094
0.474146
0.474198
0.474249
0.474301
0.474353
0.474404
0.474456
0.474507
0.474559
0.474610
0.474662
0.474714
0.474765
0.474817
0.474868
0.474920
0.474972
0.475023
0.475075
0.475126
0.475178
0.475229
0.475281
0.475332
0.475384
0.475436
0.475487
0.475539
0.475590
0.475642
0.475693
0.475745
0.475796
0.475848
0.475899
0.475951
0.476002
0.476054
0.476105
0.476157
0.476209
0.476260
0.476312
0.476363
0.476415
0.476466
0.476518
0.476569
0.476621
0.476672
0.476724
0.476775
0.476827
0.476878
0.476929
0.476981
0.477032
0.477084
0.477135
0.477187
0.477238
0.477290
0.477341
0.477393
0.477444
0.477496
0.477547
0.477599
0.477650
0.477701
0.477753
0.477804
0.477856
0.477907
0.477959
0.478010
0.478062
0.478113
0.478164
0.478216
0.478267
0.478319
0.478370
0.478422
0.478473
0.478524
0.478576
0.478627
0.478679
0.478730
0.478781
0.478833
0.478884
0.478936
0.478987
0.479038
0.479090
0.479141
0.479193
0.479244
0.479295
0.479347
0.479398
0.479450
0.479501
0.479552
0.479604
0.479655
0.479706
0.479758
0.479809
0.479861
0.479912
0.479963
0.480015
0.480066
0.480117
0.480169
0.480220
0.480271
0.480323
0.480374
0.480425
0.480477
0.480528
0.480579
0.480631
0.480682
0.480733
0.480785
0.480836
0.480887
0.480939
0.480990
0.481041
0.481093
0.481144
0.481195
0.481247
0.481298
0.481349
0.481401
0.481452
0.481503
0.481555
0.481606
0.481657
0.481708
0.481760
0.481811
0.481862
0.481914
0.481965
0.482016
0.482068
0.482119
0.482170
0.482221
0.482273
0.482324
0.482375
0.482426
0.482478
0.482529
0.482580
0.482632
0.482683
0.482734
0.482785
0.482837
0.482888
0.482939
0.482990
0.483042
0.483093
0.483144
0.483195
0.483247
0.483298
0.483349
0.483400
0.483452
0.483503
0.483554
0.483605
0.483657
0.483708
0.483759
0.483810
0.483862
0.483913
0.483964
0.484015
0.484066
0.484118
0.484169
0.484220
0.484271
0.484323
0.484374
0.484425
0.484476
0.484527
0.484579
0.484630
0.484681
0.484732
0.484783
0.484835
0.484886
0.484937
0.484988
0.485039
0.485091
0.485142
0.485193
0.485244
0.485295
0.485347
0.485398
0.485449
0.485500
0.485551
0.485603
0.485654
0.485705
0.485756
0.485807
0.485858
0.485910
0.485961
0.486012
0.486063
0.486114
0.486165
0.486217
0.486268
0.486319
0.486370
0.486421
0.486472
0.486524
0.486575
0.486626
0.486677
0.486728
0.486779
0.486831
0.486882
0.486933
0.486984
0.487035
0.487086
0.487137
0.487189
0.487240
0.487291
0.487342
0.487393
0.487444
0.487495
0.487547
0.487598
0.487649
0.487700
0.487751
0.487802
0.487853
0.487904
0.487956
0.488007
0.488058
0.488109
0.488160
0.488211
0.488262
0.488313
0.488365
0.488416
0.488467
0.488518
0.488569
0.488620
0.488671
0.488722
0.488773
0.488825
0.488876
0.488927
0.488978
0.489029
0.489080
0.489131
0.489182
0.489233
0.489284
0.489336
0.489387
0.489438
0.489489
0.489540
0.489591
0.489642
0.489693
0.489744
0.489795
0.489846
0.489898
0.489949
0.490000
0.490051
0.490102
0.490153
0.490204
0.490255
0.490306
0.490357
0.490408
0.490459
0.490511
0.490562
0.490613
0.490664
0.490715
0.490766
0.490817
0.490868
0.490919
0.490970
0.491021
0.491072
0.491123
0.491174
0.491225
0.491277
0.491328
0.491379
0.491430
0.491481
0.491532
0.491583
0.491634
0.491685
0.491736
0.491787
0.491838
0.491889
0.491940
0.491991
0.492042
0.492093
0.492144
0.492195
0.492247
0.492298
0.492349
0.492400
0.492451
0.492502
0.492553
0.492604
0.492655
0.492706
0.492757
0.492808
0.492859
0.492910
0.492961
0.493012
0.493063
0.493114
0.493165
0.493216
0.493267
0.493318
0.493369
0.493420
0.493471
0.493522
0.493574
0.493625
0.493676
0.493727
0.493778
0.493829
0.493880
0.493931
0.493982
0.494033
0.494084
0.494135
0.494186
0.494237
0.494288
0.494339
0.494390
0.494441
0.494492
0.494543
0.494594
0.494645
0.494696
0.494747
0.494798
0.494849
0.494900
0.494951
0.495002
0.495053
0.495104
0.495155
0.495206
0.495257
0.495308
0.495359
0.495410
0.495461
0.495512
0.495563
0.495614
0.495665
0.495716
0.495767
0.495818
0.495869
0.495920
0.495971
0.496022
0.496073
0.496124
0.496175
0.496226
0.496277
0.496328
0.496379
0.496430
0.496481
0.496532
0.496583
0.496634
0.496685
0.496736
0.496787
0.496838
0.496889
0.496940
0.496991
0.497042
0.497093
0.497144
0.497195
0.497246
0.497297
0.497348
0.497399
0.497450
0.497501
0.497552
0.497603
0.497654
0.497705
0.497756
0.497807
0.497858
0.497909
0.497960
0.498011
0.498062
0.498113
0.498164
0.498215
0.498266
0.498317
0.498368
0.498419
0.498470
0.498521
0.498572
0.498623
0.498674
0.498725
0.498776
0.498827
0.498878
0.498929
0.498980
0.499031
0.499082
0.499133
0.499184
0.499235
0.499286
0.499337
0.499388
0.499439
0.499490
0.499541
0.499592
0.499643
0.499694
0.499745
0.499796
0.499847
0.499898
0.499949
0.500000
0.500051
0.500102
0.500153
0.500204
0.500255
0.500306
0.500357
0.500408
0.500459
0.500510
0.500561
0.500612
0.500663
0.500714
0.500765
0.500816
0.500867
0.500918
0.500969
0.501020
0.501071
0.501122
0.501173
0.501224
0.501275
0.501326
0.501377
0.501428
0.501479
0.501530
0.501581
0.501632
0.501683
0.501734
0.501785
0.501836
0.501887
0.501938
0.501989
0.502040
0.502091
0.502142
0.502193
0.502244
0.502295
0.502346
0.502397
0.502448
0.502499
0.502550
0.502601
0.502652
0.502703
0.502754
0.502805
0.502856
0.502907
0.502958
0.503009
0.503060
0.503111
0.503162
0.503213
0.503264
0.503315
0.503366
0.503417
0.503468
0.503519
0.503570
0.503621
0.503672
0.503723
0.503774
0.503825
0.503876
0.503927
0.503978
0.504029
0.504080
0.504131
0.504182
0.504233
0.504284
0.504335
0.504386
0.504437
0.504488
0.504539
0.504590
0.504641
0.504692
0.504743
0.504794
0.504845
0.504896
0.504947
0.504998
0.505049
0.505100
0.505151
0.505202
0.505253
0.505304
0.505355
0.505406
0.505457
0.505508
0.505559
0.505610
0.505661
0.505712
0.505763
0.505814
0.505865
0.505916
0.505967
0.506018
0.506069
0.506120
0.506171
0.506222
0.506273
0.506324
0.506375
0.506426
0.506478
0.506529
0.506580
0.506631
0.506682
0.506733
0.506784
0.506835
0.506886
0.506937
0.506988
0.507039
0.507090
0.507141
0.507192
0.507243
0.507294
0.507345
0.507396
0.507447
0.507498
0.507549
0.507600
0.507651
0.507702
0.507753
0.507805
0.507856
0.507907
0.507958
0.508009
0.508060
0.508111
0.508162
0.508213
0.508264
0.508315
0.508366
0.508417
0.508468
0.508519
0.508570
0.508621
0.508672
0.508723
0.508775
0.508826
0.508877
0.508928
0.508979
0.509030
0.509081
0.509132
0.509183
0.509234
0.509285
0.509336
0.509387
0.509438
0.509489
0.509541
0.509592
0.509643
0.509694
0.509745
0.509796
0.509847
0.509898
0.509949
0.510000
0.510051
0.510102
0.510154
0.510205
0.510256
0.510307
0.510358
0.510409
0.510460
0.510511
0.510562
0.510613
0.510664
0.510716
0.510767
0.510818
0.510869
0.510920
0.510971
0.511022
0.511073
0.511124
0.511175
0.511227
0.511278
0.511329
0.511380
0.511431
0.511482
0.511533
0.511584
0.511635
0.511687
0.511738
0.511789
0.511840
0.511891
0.511942
0.511993
0.512044
0.512096
0.512147
0.512198
0.512249
0.512300
0.512351
0.512402
0.512453
0.512505
0.512556
0.512607
0.512658
0.512709
0.512760
0.512811
0.512863
0.512914
0.512965
0.513016
0.513067
0.513118
0.513169
0.513221
0.513272
0.513323
0.513374
0.513425
0.513476
0.513528
0.513579
0.513630
0.513681
0.513732
0.513783
0.513835
0.513886
0.513937
0.513988
0.514039
0.514090
0.514142
0.514193
0.514244
0.514295
0.514346
0.514397
0.514449
0.514500
0.514551
0.514602
0.514653
0.514705
0.514756
0.514807
0.514858
0.514909
0.514961
0.515012
0.515063
0.515114
0.515165
0.515217
0.515268
0.515319
0.515370
0.515421
0.515473
0.515524
0.515575
0.515626
0.515677
0.515729
0.515780
0.515831
0.515882
0.515934
0.515985
0.516036
0.516087
0.516138
0.516190
0.516241
0.516292
0.516343
0.516395
0.516446
0.516497
0.516548
0.516600
0.516651
0.516702
0.516753
0.516805
0.516856
0.516907
0.516958
0.517010
0.517061
0.517112
0.517163
0.517215
0.517266
0.517317
0.517368
0.517420
0.517471
0.517522
0.517574
0.517625
0.517676
0.517727
0.517779
0.517830
0.517881
0.517932
0.517984
0.518035
0.518086
0.518138
0.518189
0.518240
0.518292
0.518343
0.518394
0.518445
0.518497
0.518548
0.518599
0.518651
0.518702
0.518753
0.518805
0.518856
0.518907
0.518959
0.519010
0.519061
0.519113
0.519164
0.519215
0.519267
0.519318
0.519369
0.519421
0.519472
0.519523
0.519575
0.519626
0.519677
0.519729
0.519780
0.519831
0.519883
0.519934
0.519985
0.520037
0.520088
0.520139
0.520191
0.520242
0.520294
0.520345
0.520396
0.520448
0.520499
0.520550
0.520602
0.520653
0.520705
0.520756
0.520807
0.520859
0.520910
0.520962
0.521013
0.521064
0.521116
0.521167
0.521219
0.521270
0.521321
0.521373
0.521424
0.521476
0.521527
0.521578
0.521630
0.521681
0.521733
0.521784
0.521836
0.521887
0.521938
0.521990
0.522041
0.522093
0.522144
0.522196
0.522247
0.522299
0.522350
0.522401
0.522453
0.522504
0.522556
0.522607
0.522659
0.522710
0.522762
0.522813
0.522865
0.522916
0.522968
0.523019
0.523071
0.523122
0.523173
0.523225
0.523276
0.523328
0.523379
0.523431
0.523482
0.523534
0.523585
0.523637
0.523688
0.523740
0.523791
0.523843
0.523895
0.523946
0.523998
0.524049
0.524101
0.524152
0.524204
0.524255
0.524307
0.524358
0.524410
0.524461
0.524513
0.524564
0.524616
0.524668
0.524719
0.524771
0.524822
0.524874
0.524925
0.524977
0.525028
0.525080
0.525132
0.525183
0.525235
0.525286
0.525338
0.525390
0.525441
0.525493
0.525544
0.525596
0.525647
0.525699
0.525751
0.525802
0.525854
0.525906
0.525957
0.526009
0.526060
0.526112
0.526164
0.526215
0.526267
0.526318
0.526370
0.526422
0.526473
0.526525
0.526577
0.526628
0.526680
0.526732
0.526783
0.526835
0.526887
0.526938
0.526990
0.527042
0.527093
0.527145
0.527197
0.527248
0.527300
0.527352
0.527403
0.527455
0.527507
0.527558
0.527610
0.527662
0.527713
0.527765
0.527817
0.527869
0.527920
0.527972
0.528024
0.528075
0.528127
0.528179
0.528231
0.528282
0.528334
0.528386
0.528438
0.528489
0.528541
0.528593
0.528645
0.528696
0.528748
0.528800
0.528852
0.528903
0.528955
0.529007
0.529059
0.529110
0.529162
0.529214
0.529266
0.529317
0.529369
0.529421
0.529473
0.529525
0.529576
0.529628
0.529680
0.529732
0.529784
0.529835
0.529887
0.529939
0.529991
0.530043
0.530095
0.530146
0.530198
0.530250
0.530302
0.530354
0.530406
0.530457
0.530509
0.530561
0.530613
0.530665
0.530717
0.530769
0.530821
0.530872
0.530924
0.530976
0.531028
0.531080
0.531132
0.531184
0.531236
0.531287
0.531339
0.531391
0.531443
0.531495
0.531547
0.531599
0.531651
0.531703
0.531755
0.531807
0.531859
0.531910
0.531962
0.532014
0.532066
0.532118
0.532170
0.532222
0.532274
0.532326
0.532378
0.532430
0.532482
0.532534
0.532586
0.532638
0.532690
0.532742
0.532794
0.532846
0.532898
0.532950
0.533002
0.533054
0.533106
0.533158
0.533210
0.533262
0.533314
0.533366
0.533418
0.533470
0.533522
0.533574
0.533626
0.533678
0.533730
0.533782
0.533834
0.533886
0.533938
0.533990
0.534042
0.534095
0.534147
0.534199
0.534251
0.534303
0.534355
0.534407
0.534459
0.534511
0.534563
0.534615
0.534667
0.534720
0.534772
0.534824
0.534876
0.534928
0.534980
0.535032
0.535084
0.535137
0.535189
0.535241
0.535293
0.535345
0.535397
0.535449
0.535502
0.535554
0.535606
0.535658
0.535710
0.535762
0.535815
0.535867
0.535919
0.535971
0.536023
0.536076
0.536128
0.536180
0.536232
0.536284
0.536337
0.536389
0.536441
0.536493
0.536546
0.536598
0.536650
0.536702
0.536754
0.536807
0.536859
0.536911
0.536964
0.537016
0.537068
0.537120
0.537173
0.537225
0.537277
0.537329
0.537382
0.537434
0.537486
0.537539
0.537591
0.537643
0.537696
0.537748
0.537800
0.537852
0.537905
0.537957
0.538009
0.538062
0.538114
0.538166
0.538219
0.538271
0.538324
0.538376
0.538428
0.538481
0.538533
0.538585
0.538638
0.538690
0.538743
0.538795
0.538847
0.538900
0.538952
0.539005
0.539057
0.539109
0.539162
0.539214
0.539267
0.539319
0.539371
0.539424
0.539476
0.539529
0.539581
0.539634
0.539686
0.539739
0.539791
0.539844
0.539896
0.539948
0.540001
0.540053
0.540106
0.540158
0.540211
0.540263
0.540316
0.540368
0.540421
0.540473
0.540526
0.540578
0.540631
0.540684
0.540736
0.540789
0.540841
0.540894
0.540946
0.540999
0.541051
0.541104
0.541156
0.541209
0.541262
0.541314
0.541367
0.541419
0.541472
0.541525
0.541577
0.541630
0.541682
0.541735
0.541788
0.541840
0.541893
0.541946
0.541998
0.542051
0.542103
0.542156
0.542209
0.542261
0.542314
0.542367
0.542419
0.542472
0.542525
0.542577
0.542630
0.542683
0.542735
0.542788
0.542841
0.542894
0.542946
0.542999
0.543052
0.543104
0.543157
0.543210
0.543263
0.543315
0.543368
0.543421
0.543474
0.543526
0.543579
0.543632
0.543685
0.543737
0.543790
0.543843
0.543896
0.543949
0.544001
0.544054
0.544107
0.544160
0.544213
0.544265
0.544318
0.544371
0.544424
0.544477
0.544530
0.544582
0.544635
0.544688
0.544741
0.544794
0.544847
0.544900
0.544953
0.545005
0.545058
0.545111
0.545164
0.545217
0.545270
0.545323
0.545376
0.545429
0.545482
0.545534
0.545587
0.545640
0.545693
0.545746
0.545799
0.545852
0.545905
0.545958
0.546011
0.546064
0.546117
0.546170
0.546223
0.546276
0.546329
0.546382
0.546435
0.546488
0.546541
0.546594
0.546647
0.546700
0.546753
0.546806
0.546859
0.546912
0.546965
0.547018
0.547071
0.547124
0.547178
0.547231
0.547284
0.547337
0.547390
0.547443
0.547496
0.547549
0.547602
0.547655
0.547709
0.547762
0.547815
0.547868
0.547921
0.547974
0.548027
0.548081
0.548134
0.548187
0.548240
0.548293
0.548346
0.548400
0.548453
0.548506
0.548559
0.548612
0.548666
0.548719
0.548772
0.548825
0.548878
0.548932
0.548985
0.549038
0.549091
0.549145
0.549198
0.549251
0.549304
0.549358
0.549411
0.549464
0.549518
0.549571
0.549624
0.549677
0.549731
0.549784
0.549837
0.549891
0.549944
0.549997
0.550051
0.550104
0.550157
0.550211
0.550264
0.550318
0.550371
0.550424
0.550478
0.550531
0.550584
0.550638
0.550691
0.550745
0.550798
0.550851
0.550905
0.550958
0.551012
0.551065
0.551119
0.551172
0.551226
0.551279
0.551332
0.551386
0.551439
0.551493
0.551546
0.551600
0.551653
0.551707
0.551760
0.551814
0.551867
0.551921
0.551974
0.552028
0.552082
0.552135
0.552189
0.552242
0.552296
0.552349
0.552403
0.552456
0.552510
0.552564
0.552617
0.552671
0.552724
0.552778
0.552832
0.552885
0.552939
0.552993
0.553046
0.553100
0.553154
0.553207
0.553261
0.553314
0.553368
0.553422
0.553476
0.553529
0.553583
0.553637
0.553690
0.553744
0.553798
0.553851
0.553905
0.553959
0.554013
0.554066
0.554120
0.554174
0.554228
0.554281
0.554335
0.554389
0.554443
0.554497
0.554550
0.554604
0.554658
0.554712
0.554766
0.554819
0.554873
0.554927
0.554981
0.555035
0.555089
0.555142
0.555196
0.555250
0.555304
0.555358
0.555412
0.555466
0.555520
0.555574
0.555627
0.555681
0.555735
0.555789
0.555843
0.555897
0.555951
0.556005
0.556059
0.556113
0.556167
0.556221
0.556275
0.556329
0.556383
0.556437
0.556491
0.556545
0.556599
0.556653
0.556707
0.556761
0.556815
0.556869
0.556923
0.556977
0.557031
0.557085
0.557139
0.557193
0.557247
0.557302
0.557356
0.557410
0.557464
0.557518
0.557572
0.557626
0.557680
0.557734
0.557789
0.557843
0.557897
0.557951
0.558005
0.558059
0.558114
0.558168
0.558222
0.558276
0.558330
0.558385
0.558439
0.558493
0.558547
0.558602
0.558656
0.558710
0.558764
0.558819
0.558873
0.558927
0.558981
0.559036
0.559090
0.559144
0.559199
0.559253
0.559307
0.559362
0.559416
0.559470
0.559525
0.559579
0.559633
0.559688
0.559742
0.559796
0.559851
0.559905
0.559960
0.560014
0.560068
0.560123
0.560177
0.560232
0.560286
0.560341
0.560395
0.560449
0.560504
0.560558
0.560613
0.560667
0.560722
0.560776
0.560831
0.560885
0.560940
0.560994
0.561049
0.561103
0.561158
0.561213
0.561267
0.561322
0.561376
0.561431
0.561485
0.561540
0.561595
0.561649
0.561704
0.561758
0.561813
0.561868
0.561922
0.561977
0.562031
0.562086
0.562141
0.562195
0.562250
0.562305
0.562359
0.562414
0.562469
0.562524
0.562578
0.562633
0.562688
0.562742
0.562797
0.562852
0.562907
0.562961
0.563016
0.563071
0.563126
0.563181
0.563235
0.563290
0.563345
0.563400
0.563455
0.563509
0.563564
0.563619
0.563674
0.563729
0.563784
0.563839
0.563893
0.563948
0.564003
0.564058
0.564113
0.564168
0.564223
0.564278
0.564333
0.564388
0.564443
0.564498
0.564552
0.564607
0.564662
0.564717
0.564772
0.564827
0.564882
0.564937
0.564992
0.565047
0.565102
0.565157
0.565213
0.565268
0.565323
0.565378
0.565433
0.565488
0.565543
0.565598
0.565653
0.565708
0.565763
0.565818
0.565874
0.565929
0.565984
0.566039
0.566094
0.566149
0.566205
0.566260
0.566315
0.566370
0.566425
0.566481
0.566536
0.566591
0.566646
0.566701
0.566757
0.566812
0.566867
0.566922
0.566978
0.567033
0.567088
0.567144
0.567199
0.567254
0.567310
0.567365
0.567420
0.567476
0.567531
0.567586
0.567642
0.567697
0.567752
0.567808
0.567863
0.567919
0.567974
0.568029
0.568085
0.568140
0.568196
0.568251
0.568307
0.568362
0.568418
0.568473
0.568529
0.568584
0.568639
0.568695
0.568751
0.568806
0.568862
0.568917
0.568973
0.569028
0.569084
0.569139
0.569195
0.569251
0.569306
0.569362
0.569417
0.569473
0.569529
0.569584
0.569640
0.569695
0.569751
0.569807
0.569862
0.569918
0.569974
0.570029
0.570085
0.570141
0.570197
0.570252
0.570308
0.570364
0.570420
0.570475
0.570531
0.570587
0.570643
0.570698
0.570754
0.570810
0.570866
0.570922
0.570977
0.571033
0.571089
0.571145
0.571201
0.571257
0.571313
0.571369
0.571424
0.571480
0.571536
0.571592
0.571648
0.571704
0.571760
0.571816
0.571872
0.571928
0.571984
0.572040
0.572096
0.572152
0.572208
0.572264
0.572320
0.572376
0.572432
0.572488
0.572544
0.572600
0.572656
0.572712
0.572768
0.572824
0.572880
0.572937
0.572993
0.573049
0.573105
0.573161
0.573217
0.573273
0.573330
0.573386
0.573442
0.573498
0.573554
0.573611
0.573667
0.573723
0.573779
0.573835
0.573892
0.573948
0.574004
0.574060
0.574117
0.574173
0.574229
0.574286
0.574342
0.574398
0.574455
0.574511
0.574567
0.574624
0.574680
0.574736
0.574793
0.574849
0.574906
0.574962
0.575019
0.575075
0.575131
0.575188
0.575244
0.575301
0.575357
0.575414
0.575470
0.575527
0.575583
0.575640
0.575696
0.575753
0.575809
0.575866
0.575922
0.575979
0.576036
0.576092
0.576149
0.576205
0.576262
0.576319
0.576375
0.576432
0.576489
0.576545
0.576602
0.576659
0.576715
0.576772
0.576829
0.576885
0.576942
0.576999
0.577056
0.577112
0.577169
0.577226
0.577283
0.577339
0.577396
0.577453
0.577510
0.577567
0.577623
0.577680
0.577737
0.577794
0.577851
0.577908
0.577965
0.578021
0.578078
0.578135
0.578192
0.578249
0.578306
0.578363
0.578420
0.578477
0.578534
0.578591
0.578648
0.578705
0.578762
0.578819
0.578876
0.578933
0.578990
0.579047
0.579104
0.579161
0.579218
0.579275
0.579333
0.579390
0.579447
0.579504
0.579561
0.579618
0.579675
0.579732
0.579790
0.579847
0.579904
0.579961
0.580018
0.580076
0.580133
0.580190
0.580247
0.580305
0.580362
0.580419
0.580477
0.580534
0.580591
0.580648
0.580706
0.580763
0.580820
0.580878
0.580935
0.580993
0.581050
0.581107
0.581165
0.581222
0.581280
0.581337
0.581395
0.581452
0.581509
0.581567
0.581624
0.581682
0.581739
0.581797
0.581854
0.581912
0.581969
0.582027
0.582085
0.582142
0.582200
0.582257
0.582315
0.582373
0.582430
0.582488
0.582545
0.582603
0.582661
0.582718
0.582776
0.582834
0.582891
0.582949
0.583007
0.583065
0.583122
0.583180
0.583238
0.583296
0.583353
0.583411
0.583469
0.583527
0.583585
0.583642
0.583700
0.583758
0.583816
0.583874
0.583932
0.583990
0.584048
0.584105
0.584163
0.584221
0.584279
0.584337
0.584395
0.584453
0.584511
0.584569
0.584627
0.584685
0.584743
0.584801
0.584859
0.584917
0.584975
0.585033
0.585092
0.585150
0.585208
0.585266
0.585324
0.585382
0.585440
0.585498
0.585557
0.585615
0.585673
0.585731
0.585789
0.585848
0.585906
0.585964
0.586022
0.586081
0.586139
0.586197
0.586255
0.586314
0.586372
0.586430
0.586489
0.586547
0.586605
0.586664
0.586722
0.586781
0.586839
0.586897
0.586956
0.587014
0.587073
0.587131
0.587190
0.587248
0.587306
0.587365
0.587423
0.587482
0.587541
0.587599
0.587658
0.587716
0.587775
0.587833
0.587892
0.587951
0.588009
0.588068
0.588126
0.588185
0.588244
0.588302
0.588361
0.588420
0.588478
0.588537
0.588596
0.588655
0.588713
0.588772
0.588831
0.588890
0.588948
0.589007
0.589066
0.589125
0.589184
0.589243
0.589301
0.589360
0.589419
0.589478
0.589537
0.589596
0.589655
0.589714
0.589773
0.589832
0.589891
0.589950
0.590009
0.590068
0.590127
0.590186
0.590245
0.590304
0.590363
0.590422
0.590481
0.590540
0.590599
0.590658
0.590717
0.590777
0.590836
0.590895
0.590954
0.591013
0.591072
0.591132
0.591191
0.591250
0.591309
0.591369
0.591428
0.591487
0.591546
0.591606
0.591665
0.591724
0.591784
0.591843
0.591902
0.591962
0.592021
0.592080
0.592140
0.592199
0.592259
0.592318
0.592378
0.592437
0.592497
0.592556
0.592616
0.592675
0.592735
0.592794
0.592854
0.592913
0.592973
0.593032
0.593092
0.593152
0.593211
0.593271
0.593330
0.593390
0.593450
0.593509
0.593569
0.593629
0.593689
0.593748
0.593808
0.593868
0.593928
0.593987
0.594047
0.594107
0.594167
0.594226
0.594286
0.594346
0.594406
0.594466
0.594526
0.594586
0.594646
0.594706
0.594765
0.594825
0.594885
0.594945
0.595005
0.595065
0.595125
0.595185
0.595245
0.595305
0.595365
0.595425
0.595486
0.595546
0.595606
0.595666
0.595726
0.595786
0.595846
0.595906
0.595967
0.596027
0.596087
0.596147
0.596208
0.596268
0.596328
0.596388
0.596449
0.596509
0.596569
0.596629
0.596690
0.596750
0.596810
0.596871
0.596931
0.596992
0.597052
0.597112
0.597173
0.597233
0.597294
0.597354
0.597415
0.597475
0.597536
0.597596
0.597657
0.597717
0.597778
0.597838
0.597899
0.597960
0.598020
0.598081
0.598142
0.598202
0.598263
0.598324
0.598384
0.598445
0.598506
0.598566
0.598627
0.598688
0.598749
0.598809
0.598870
0.598931
0.598992
0.599053
0.599114
0.599174
0.599235
0.599296
0.599357
0.599418
0.599479
0.599540
0.599601
0.599662
0.599723
0.599784
0.599845
0.599906
0.599967
0.600028
0.600089
0.600150
0.600211
0.600272
0.600333
0.600394
0.600456
0.600517
0.600578
0.600639
0.600700
0.600761
0.600823
0.600884
0.600945
0.601006
0.601068
0.601129
0.601190
0.601252
0.601313
0.601374
0.601436
0.601497
0.601558
0.601620
0.601681
0.601743
0.601804
0.601866
0.601927
0.601988
0.602050
0.602112
0.602173
0.602235
0.602296
0.602358
0.602419
0.602481
0.602542
0.602604
0.602666
0.602727
0.602789
0.602851
0.602912
0.602974
0.603036
0.603098
0.603159
0.603221
0.603283
0.603345
0.603406
0.603468
0.603530
0.603592
0.603654
0.603716
0.603778
0.603840
0.603901
0.603963
0.604025
0.604087
0.604149
0.604211
0.604273
0.604335
0.604397
0.604459
0.604521
0.604584
0.604646
0.604708
0.604770
0.604832
0.604894
0.604956
0.605018
0.605081
0.605143
0.605205
0.605267
0.605330
0.605392
0.605454
0.605516
0.605579
0.605641
0.605703
0.605766
0.605828
0.605891
0.605953
0.606015
0.606078
0.606140
0.606203
0.606265
0.606328
0.606390
0.606453
0.606515
0.606578
0.606640
0.606703
0.606766
0.606828
0.606891
0.606953
0.607016
0.607079
0.607141
0.607204
0.607267
0.607330
0.607392
0.607455
0.607518
0.607581
0.607644
0.607706
0.607769
0.607832
0.607895
0.607958
0.608021
0.608084
0.608147
0.608209
0.608272
0.608335
0.608398
0.608461
0.608524
0.608587
0.608651
0.608714
0.608777
0.608840
0.608903
0.608966
0.609029
0.609092
0.609156
0.609219
0.609282
0.609345
0.609408
0.609472
0.609535
0.609598
0.609662
0.609725
0.609788
0.609852
0.609915
0.609978
0.610042
0.610105
0.610169
0.610232
0.610296
0.610359
0.610422
0.610486
0.610550
0.610613
0.610677
0.610740
0.610804
0.610867
0.610931
0.610995
0.611058
0.611122
0.611186
0.611249
0.611313
0.611377
0.611441
0.611504
0.611568
0.611632
0.611696
0.611760
0.611824
0.611887
0.611951
0.612015
0.612079
0.612143
0.612207
0.612271
0.612335
0.612399
0.612463
0.612527
0.612591
0.612655
0.612719
0.612783
0.612847
0.612912
0.612976
0.613040
0.613104
0.613168
0.613233
0.613297
0.613361
0.613425
0.613490
0.613554
0.613618
0.613683
0.613747
0.613811
0.613876
0.613940
0.614004
0.614069
0.614133
0.614198
0.614262
0.614327
0.614391
0.614456
0.614520
0.614585
0.614650
0.614714
0.614779
0.614844
0.614908
0.614973
0.615038
0.615102
0.615167
0.615232
0.615297
0.615361
0.615426
0.615491
0.615556
0.615621
0.615685
0.615750
0.615815
0.615880
0.615945
0.616010
0.616075
0.616140
0.616205
0.616270
0.616335
0.616400
0.616465
0.616530
0.616596
0.616661
0.616726
0.616791
0.616856
0.616921
0.616987
0.617052
0.617117
0.617182
0.617248
0.617313
0.617378
0.617444
0.617509
0.617574
0.617640
0.617705
0.617771
0.617836
0.617902
0.617967
0.618033
0.618098
0.618164
0.618229
0.618295
0.618361
0.618426
0.618492
0.618557
0.618623
0.618689
0.618755
0.618820
0.618886
0.618952
0.619018
0.619083
0.619149
0.619215
0.619281
0.619347
0.619413
0.619479
0.619545
0.619611
0.619677
0.619743
0.619809
0.619875
0.619941
0.620007
0.620073
0.620139
0.620205
0.620271
0.620337
0.620404
0.620470
0.620536
0.620602
0.620669
0.620735
0.620801
0.620867
0.620934
0.621000
0.621066
0.621133
0.621199
0.621266
0.621332
0.621399
0.621465
0.621532
0.621598
0.621665
0.621731
0.621798
0.621864
0.621931
0.621998
0.622064
0.622131
0.622198
0.622265
0.622331
0.622398
0.622465
0.622532
0.622598
0.622665
0.622732
0.622799
0.622866
0.622933
0.623000
0.623067
0.623134
0.623201
0.623268
0.623335
0.623402
0.623469
0.623536
0.623603
0.623670
0.623738
0.623805
0.623872
0.623939
0.624006
0.624074
0.624141
0.624208
0.624276
0.624343
0.624410
0.624478
0.624545
0.624612
0.624680
0.624747
0.624815
0.624882
0.624950
0.625017
0.625085
0.625153
0.625220
0.625288
0.625355
0.625423
0.625491
0.625559
0.625626
0.625694
0.625762
0.625830
0.625897
0.625965
0.626033
0.626101
0.626169
0.626237
0.626305
0.626373
0.626441
0.626509
0.626577
0.626645
0.626713
0.626781
0.626849
0.626917
0.626985
0.627054
0.627122
0.627190
0.627258
0.627326
0.627395
0.627463
0.627531
0.627600
0.627668
0.627736
0.627805
0.627873
0.627942
0.628010
0.628079
0.628147
0.628216
0.628284
0.628353
0.628421
0.628490
0.628559
0.628627
0.628696
0.628765
0.628834
0.628902
0.628971
0.629040
0.629109
0.629178
0.629246
0.629315
0.629384
0.629453
0.629522
0.629591
0.629660
0.629729
0.629798
0.629867
0.629936
0.630005
0.630075
0.630144
0.630213
0.630282
0.630351
0.630421
0.630490
0.630559
0.630628
0.630698
0.630767
0.630837
0.630906
0.630975
0.631045
0.631114
0.631184
0.631253
0.631323
0.631392
0.631462
0.631532
0.631601
0.631671
0.631741
0.631810
0.631880
0.631950
0.632020
0.632089
0.632159
0.632229
0.632299
0.632369
0.632439
0.632509
0.632579
0.632648
0.632718
0.632789
0.632859
0.632929
0.632999
0.633069
0.633139
0.633209
0.633279
0.633350
0.633420
0.633490
0.633560
0.633631
0.633701
0.633771
0.633842
0.633912
0.633983
0.634053
0.634124
0.634194
0.634265
0.634335
0.634406
0.634476
0.634547
0.634618
0.634688
0.634759
0.634830
0.634900
0.634971
0.635042
0.635113
0.635184
0.635254
0.635325
0.635396
0.635467
0.635538
0.635609
0.635680
0.635751
0.635822
0.635893
0.635964
0.636036
0.636107
0.636178
0.636249
0.636320
0.636392
0.636463
0.636534
0.636606
0.636677
0.636748
0.636820
0.636891
0.636963
0.637034
0.637106
0.637177
0.637249
0.637320
0.637392
0.637464
0.637535
0.637607
0.637679
0.637750
0.637822
0.637894
0.637966
0.638038
0.638109
0.638181
0.638253
0.638325
0.638397
0.638469
0.638541
0.638613
0.638685
0.638757
0.638829
0.638902
0.638974
0.639046
0.639118
0.639190
0.639263
0.639335
0.639407
0.639480
0.639552
0.639625
0.639697
0.639769
0.639842
0.639914
0.639987
0.640060
0.640132
0.640205
0.640277
0.640350
0.640423
0.640496
0.640568
0.640641
0.640714
0.640787
0.640860
0.640933
0.641005
0.641078
0.641151
0.641224
0.641297
0.641370
0.641444
0.641517
0.641590
0.641663
0.641736
0.641809
0.641883
0.641956
0.642029
0.642103
0.642176
0.642249
0.642323
0.642396
0.642470
0.642543
0.642617
0.642690
0.642764
0.642837
0.642911
0.642985
0.643058
0.643132
0.643206
0.643280
0.643353
0.643427
0.643501
0.643575
0.643649
0.643723
0.643797
0.643871
0.643945
0.644019
0.644093
0.644167
0.644241
0.644315
0.644389
0.644464
0.644538
0.644612
0.644687
0.644761
0.644835
0.644910
0.644984
0.645059
0.645133
0.645208
0.645282
0.645357
0.645431
0.645506
0.645581
0.645655
0.645730
0.645805
0.645880
0.645954
0.646029
0.646104
0.646179
0.646254
0.646329
0.646404
0.646479
0.646554
0.646629
0.646704
0.646779
0.646854
0.646929
0.647005
0.647080
0.647155
0.647231
0.647306
0.647381
0.647457
0.647532
0.647608
0.647683
0.647759
0.647834
0.647910
0.647985
0.648061
0.648137
0.648212
0.648288
0.648364
0.648440
0.648515
0.648591
0.648667
0.648743
0.648819
0.648895
0.648971
0.649047
0.649123
0.649199
0.649275
0.649352
0.649428
0.649504
0.649580
0.649657
0.649733
0.649809
0.649886
0.649962
0.650039
0.650115
0.650192
0.650268
0.650345
0.650421
0.650498
0.650575
0.650651
0.650728
0.650805
0.650882
0.650958
0.651035
0.651112
0.651189
0.651266
0.651343
0.651420
0.651497
0.651574
0.651651
0.651729
0.651806
0.651883
0.651960
0.652038
0.652115
0.652192
0.652270
0.652347
0.652424
0.652502
0.652579
0.652657
0.652735
0.652812
0.652890
0.652968
0.653045
0.653123
0.653201
0.653279
0.653356
0.653434
0.653512
0.653590
0.653668
0.653746
0.653824
0.653902
0.653980
0.654059
0.654137
0.654215
0.654293
0.654372
0.654450
0.654528
0.654607
0.654685
0.654763
0.654842
0.654921
0.654999
0.655078
0.655156
0.655235
0.655314
0.655392
0.655471
0.655550
0.655629
0.655708
0.655787
0.655866
0.655945
0.656024
0.656103
0.656182
0.656261
0.656340
0.656419
0.656498
0.656578
0.656657
0.656736
0.656816
0.656895
0.656974
0.657054
0.657133
0.657213
0.657293
0.657372
0.657452
0.657531
0.657611
0.657691
0.657771
0.657851
0.657930
0.658010
0.658090
0.658170
0.658250
0.658330
0.658410
0.658491
0.658571
0.658651
0.658731
0.658811
0.658892
0.658972
0.659052
0.659133
0.659213
0.659294
0.659374
0.659455
0.659536
0.659616
0.659697
0.659778
0.659858
0.659939
0.660020
0.660101
0.660182
0.660263
0.660344
0.660425
0.660506
0.660587
0.660668
0.660749
0.660830
0.660912
0.660993
0.661074
0.661156
0.661237
0.661318
0.661400
0.661481
0.661563
0.661645
0.661726
0.661808
0.661890
0.661971
0.662053
0.662135
0.662217
0.662299
0.662381
0.662463
0.662545
0.662627
0.662709
0.662791
0.662873
0.662955
0.663038
0.663120
0.663202
0.663285
0.663367
0.663449
0.663532
0.663614
0.663697
0.663780
0.663862
0.663945
0.664028
0.664111
0.664193
0.664276
0.664359
0.664442
0.664525
0.664608
0.664691
0.664774
0.664857
0.664941
0.665024
0.665107
0.665190
0.665274
0.665357
0.665441
0.665524
0.665608
0.665691
0.665775
0.665858
0.665942
0.666026
0.666110
0.666193
0.666277
0.666361
0.666445
0.666529
0.666613
0.666697
0.666781
0.666865
0.666950
0.667034
0.667118
0.667202
0.667287
0.667371
0.667456
0.667540
0.667625
0.667709
0.667794
0.667879
0.667963
0.668048
0.668133
0.668218
0.668303
0.668387
0.668472
0.668557
0.668642
0.668728
0.668813
0.668898
0.668983
0.669068
0.669154
0.669239
0.669325
0.669410
0.669495
0.669581
0.669667
0.669752
0.669838
0.669924
0.670009
0.670095
0.670181
0.670267
0.670353
0.670439
0.670525
0.670611
0.670697
0.670783
0.670870
0.670956
0.671042
0.671129
0.671215
0.671301
0.671388
0.671474
0.671561
0.671648
0.671734
0.671821
0.671908
0.671995
0.672082
0.672168
0.672255
0.672342
0.672429
0.672517
0.672604
0.672691
0.672778
0.672865
0.672953
0.673040
0.673128
0.673215
0.673303
0.673390
0.673478
0.673566
0.673653
0.673741
0.673829
0.673917
0.674005
0.674093
0.674181
0.674269
0.674357
0.674445
0.674533
0.674621
0.674710
0.674798
0.674886
0.674975
0.675063
0.675152
0.675241
0.675329
0.675418
0.675507
0.675595
0.675684
0.675773
0.675862
0.675951
0.676040
0.676129
0.676218
0.676308
0.676397
0.676486
0.676576
0.676665
0.676754
0.676844
0.676933
0.677023
0.677113
0.677202
0.677292
0.677382
0.677472
0.677562
0.677652
0.677742
0.677832
0.677922
0.678012
0.678102
0.678193
0.678283
0.678373
0.678464
0.678554
0.678645
0.678735
0.678826
0.678917
0.679008
0.679098
0.679189
0.679280
0.679371
0.679462
0.679553
0.679644
0.679735
0.679827
0.679918
0.680009
0.680101
0.680192
0.680284
0.680375
0.680467
0.680559
0.680650
0.680742
0.680834
0.680926
0.681018
0.681110
0.681202
0.681294
0.681386
0.681478
0.681571
0.681663
0.681755
0.681848
0.681940
0.682033
0.682125
0.682218
0.682311
0.682404
0.682496
0.682589
0.682682
0.682775
0.682868
0.682961
0.683055
0.683148
0.683241
0.683334
0.683428
0.683521
0.683615
0.683708
0.683802
0.683896
0.683990
0.684083
0.684177
0.684271
0.684365
0.684459
0.684553
0.684647
0.684742
0.684836
0.684930
0.685025
0.685119
0.685214
0.685308
0.685403
0.685498
0.685592
0.685687
0.685782
0.685877
0.685972
0.686067
0.686162
0.686257
0.686353
0.686448
0.686543
0.686639
0.686734
0.686830
0.686925
0.687021
0.687117
0.687213
0.687308
0.687404
0.687500
0.687596
0.687692
0.687789
0.687885
0.687981
0.688077
0.688174
0.688270
0.688367
0.688464
0.688560
0.688657
0.688754
0.688851
0.688948
0.689045
0.689142
0.689239
0.689336
0.689433
0.689530
0.689628
0.689725
0.689823
0.689920
0.690018
0.690116
0.690213
0.690311
0.690409
0.690507
0.690605
0.690703
0.690801
0.690900
0.690998
0.691096
0.691195
0.691293
0.691392
0.691490
0.691589
0.691688
0.691787
0.691886
0.691985
0.692084
0.692183
0.692282
0.692381
0.692480
0.692580
0.692679
0.692779
0.692878
0.692978
0.693078
0.693177
0.693277
0.693377
0.693477
0.693577
0.693677
0.693778
0.693878
0.693978
0.694079
0.694179
0.694280
0.694380
0.694481
0.694582
0.694683
0.694784
0.694884
0.694986
0.695087
0.695188
0.695289
0.695390
0.695492
0.695593
0.695695
0.695797
0.695898
0.696000
0.696102
0.696204
0.696306
0.696408
0.696510
0.696612
0.696715
0.696817
0.696919
0.697022
0.697124
0.697227
0.697330
0.697433
0.697536
0.697639
0.697742
0.697845
0.697948
0.698051
0.698154
0.698258
0.698361
0.698465
0.698569
0.698672
0.698776
0.698880
0.698984
0.699088
0.699192
0.699296
0.699401
0.699505
0.699609
0.699714
0.699818
0.699923
0.700028
0.700133
0.700238
0.700343
0.700448
0.700553
0.700658
0.700763
0.700869
0.700974
0.701080
0.701185
0.701291
0.701397
0.701503
0.701609
0.701715
0.701821
0.701927
0.702033
0.702139
0.702246
0.702352
0.702459
0.702566
0.702672
0.702779
0.702886
0.702993
0.703100
0.703208
0.703315
0.703422
0.703530
0.703637
0.703745
0.703852
0.703960
0.704068
0.704176
0.704284
0.704392
0.704500
0.704609
0.704717
0.704825
0.704934
0.705043
0.705151
0.705260
0.705369
0.705478
0.705587
0.705696
0.705806
0.705915
0.706024
0.706134
0.706243
0.706353
0.706463
0.706573
0.706683
0.706793
0.706903
0.707013
0.707124
0.707234
0.707344
0.707455
0.707566
0.707677
0.707787
0.707898
0.708009
0.708121
0.708232
0.708343
0.708455
0.708566
0.708678
0.708789
0.708901
0.709013
0.709125
0.709237
0.709349
0.709462
0.709574
0.709687
0.709799
0.709912
0.710025
0.710137
0.710250
0.710363
0.710477
0.710590
0.710703
0.710817
0.710930
0.711044
0.711157
0.711271
0.711385
0.711499
0.711613
0.711728
0.711842
0.711956
0.712071
0.712185
0.712300
0.712415
0.712530
0.712645
0.712760
0.712875
0.712991
0.713106
0.713222
0.713337
0.713453
0.713569
0.713685
0.713801
0.713917
0.714033
0.714150
0.714266
0.714383
0.714499
0.714616
0.714733
0.714850
0.714967
0.715084
0.715201
0.715319
0.715436
0.715554
0.715672
0.715790
0.715908
0.716026
0.716144
0.716262
0.716380
0.716499
0.716618
0.716736
0.716855
0.716974
0.717093
0.717212
0.717332
0.717451
0.717570
0.717690
0.717810
0.717930
0.718049
0.718170
0.718290
0.718410
0.718530
0.718651
0.718772
0.718892
0.719013
0.719134
0.719255
0.719376
0.719498
0.719619
0.719741
0.719862
0.719984
0.720106
0.720228
0.720350
0.720472
0.720595
0.720717
0.720840
0.720963
0.721085
0.721208
0.721332
0.721455
0.721578
0.721702
0.721825
0.721949
0.722073
0.722197
0.722321
0.722445
0.722569
0.722694
0.722818
0.722943
0.723068
0.723193
0.723318
0.723443
0.723568
0.723694
0.723819
0.723945
0.724071
0.724197
0.724323
0.724449
0.724575
0.724702
0.724828
0.724955
0.725082
0.725209
0.725336
0.725463
0.725591
0.725718
0.725846
0.725974
0.726102
0.726230
0.726358
0.726486
0.726615
0.726743
0.726872
0.727001
0.727130
0.727259
0.727388
0.727517
0.727647
0.727777
0.727906
0.728036
0.728166
0.728297
0.728427
0.728558
0.728688
0.728819
0.728950
0.729081
0.729212
0.729344
0.729475
0.729607
0.729738
0.729870
0.730002
0.730135
0.730267
0.730400
0.730532
0.730665
0.730798
0.730931
0.731064
0.731198
0.731331
0.731465
0.731599
0.731733
0.731867
0.732001
0.732136
0.732270
0.732405
0.732540
0.732675
0.732810
0.732945
0.733081
0.733216
0.733352
0.733488
0.733624
0.733761
0.733897
0.734034
0.734170
0.734307
0.734444
0.734582
0.734719
0.734856
0.734994
0.735132
0.735270
0.735408
0.735547
0.735685
0.735824
0.735963
0.736102
0.736241
0.736380
0.736520
0.736659
0.736799
0.736939
0.737079
0.737220
0.737360
0.737501
0.737642
0.737783
0.737924
0.738065
0.738207
0.738348
0.738490
0.738632
0.738774
0.738917
0.739059
0.739202
0.739345
0.739488
0.739631
0.739775
0.739918
0.740062
0.740206
0.740350
0.740495
0.740639
0.740784
0.740929
0.741074
0.741219
0.741364
0.741510
0.741656
0.741802
0.741948
0.742094
0.742241
0.742388
0.742534
0.742682
0.742829
0.742976
0.743124
0.743272
0.743420
0.743568
0.743717
0.743865
0.744014
0.744163
0.744312
0.744462
0.744611
0.744761
0.744911
0.745061
0.745212
0.745362
0.745513
0.745664
0.745815
0.745967
0.746118
0.746270
0.746422
0.746574
0.746727
0.746879
0.747032
0.747185
0.747339
0.747492
0.747646
0.747800
0.747954
0.748108
0.748263
0.748417
0.748572
0.748727
0.748883
0.749038
0.749194
0.749350
0.749507
0.749663
0.749820
0.749977
0.750134
0.750291
0.750449
0.750607
0.750765
0.750923
0.751081
0.751240
0.751399
0.751558
0.751718
0.751877
0.752037
0.752197
0.752358
0.752518
0.752679
0.752840
0.753001
0.753163
0.753324
0.753486
0.753649
0.753811
0.753974
0.754137
0.754300
0.754463
0.754627
0.754791
0.754955
0.755120
0.755284
0.755449
0.755614
0.755780
0.755946
0.756111
0.756278
0.756444
0.756611
0.756778
0.756945
0.757112
0.757280
0.757448
0.757616
0.757785
0.757954
0.758123
0.758292
0.758462
0.758631
0.758802
0.758972
0.759143
0.759314
0.759485
0.759656
0.759828
0.760000
0.760172
0.760345
0.760518
0.760691
0.760864
0.761038
0.761212
0.761386
0.761561
0.761736
0.761911
0.762086
0.762262
0.762438
0.762614
0.762791
0.762968
0.763145
0.763322
0.763500
0.763678
0.763857
0.764035
0.764214
0.764394
0.764573
0.764753
0.764933
0.765114
0.765295
0.765476
0.765657
0.765839
0.766021
0.766204
0.766387
0.766570
0.766753
0.766937
0.767121
0.767305
0.767490
0.767675
0.767860
0.768046
0.768232
0.768418
0.768605
0.768792
0.768979
0.769167
0.769355
0.769543
0.769732
0.769921
0.770111
0.770300
0.770491
0.770681
0.770872
0.771063
0.771255
0.771447
0.771639
0.771831
0.772024
0.772218
0.772412
0.772606
0.772800
0.772995
0.773190
0.773386
0.773582
0.773778
0.773975
0.774172
0.774369
0.774567
0.774765
0.774964
0.775163
0.775363
0.775562
0.775763
0.775963
0.776164
0.776366
0.776568
0.776770
0.776973
0.777176
0.777379
0.777583
0.777787
0.777992
0.778197
0.778403
0.778609
0.778815
0.779022
0.779229
0.779437
0.779645
0.779854
0.780063
0.780272
0.780482
0.780692
0.780903
0.781114
0.781326
0.781538
0.781751
0.781964
0.782178
0.782392
0.782606
0.782821
0.783036
0.783252
0.783469
0.783685
0.783903
0.784121
0.784339
0.784558
0.784777
0.784997
0.785217
0.785438
0.785659
0.785881
0.786103
0.786326
0.786549
0.786773
0.786997
0.787222
0.787447
0.787673
0.787900
0.788127
0.788354
0.788582
0.788811
0.789040
0.789270
0.789500
0.789731
0.789962
0.790194
0.790426
0.790659
0.790893
0.791127
0.791362
0.791597
0.791833
0.792069
0.792307
0.792544
0.792782
0.793021
0.793261
0.793501
0.793742
0.793983
0.794225
0.794467
0.794710
0.794954
0.795199
0.795444
0.795689
0.795936
0.796183
0.796430
0.796679
0.796928
0.797177
0.797428
0.797679
0.797930
0.798183
0.798436
0.798689
0.798944
0.799199
0.799455
0.799711
0.799968
0.800226
0.800485
0.800744
0.801004
0.801265
0.801527
0.801789
0.802052
0.802316
0.802581
0.802846
0.803112
0.803379
0.803647
0.803915
0.804185
0.804455
0.804725
0.804997
0.805270
0.805543
0.805817
0.806092
0.806368
0.806644
0.806922
0.807200
0.807479
0.807759
0.808040
0.808322
0.808605
0.808888
0.809173
0.809458
0.809745
0.810032
0.810320
0.810609
0.810899
0.811190
0.811482
0.811775
0.812069
0.812363
0.812659
0.812956
0.813254
0.813552
0.813852
0.814153
0.814455
0.814758
0.815061
0.815366
0.815672
0.815979
0.816288
0.816597
0.816907
0.817219
0.817531
0.817845
0.818160
0.818476
0.818793
0.819111
0.819430
0.819751
0.820073
0.820396
0.820720
0.821045
0.821372
0.821700
0.822029
0.822359
0.822691
0.823024
0.823358
0.823693
0.824030
0.824368
0.824708
0.825049
0.825391
0.825735
0.826080
0.826426
0.826774
0.827123
0.827474
0.827826
0.828180
0.828535
0.828891
0.829249
0.829609
0.829970
0.830333
0.830697
0.831063
0.831431
0.831800
0.832170
0.832543
0.832917
0.833293
0.833670
0.834049
0.834430
0.834813
0.835197
0.835583
0.835971
0.836361
0.836753
0.837147
0.837542
0.837939
0.838339
0.838740
0.839143
0.839548
0.839956
0.840365
0.840776
0.841190
0.841605
0.842023
0.842443
0.842865
0.843289
0.843716
0.844144
0.844575
0.845009
0.845444
0.845882
0.846323
0.846766
0.847211
0.847659
0.848109
0.848562
0.849018
0.849476
0.849937
0.850400
0.850866
0.851335
0.851807
0.852282
0.852759
0.853240
0.853723
0.854209
0.854699
0.855191
0.855687
0.856186
0.856687
0.857193
0.857701
0.858213
0.858728
0.859247
0.859769
0.860295
0.860824
0.861357
0.861894
0.862435
0.862979
0.863527
0.864080
0.864636
0.865196
0.865761
0.866330
0.866903
0.867480
0.868062
0.868648
0.869239
0.869835
0.870435
0.871041
0.871651
0.872266
0.872887
0.873512
0.874143
0.874779
0.875421
0.876068
0.876722
0.877381
0.878045
0.878716
0.879394
0.880077
0.880767
0.881464
0.882167
0.882877
0.883594
0.884319
0.885050
0.885789
0.886536
0.887291
0.888054
0.888825
0.889604
0.890392
0.891189
0.891994
0.892809
0.893634
0.894468
0.895313
0.896167
0.897032
0.897908
0.898795
0.899694
0.900604
0.901527
0.902462
0.903409
0.904370
0.905345
0.906334
0.907337
0.908355
0.909389
0.910438
0.911504
0.912588
0.913688
0.914808
0.915946
0.917104
0.918283
0.919483
0.920705
0.921950
0.923219
0.924513
0.925833
0.927181
0.928557
0.929962
0.931400
0.932869
0.934374
0.935914
0.937493
0.939112
0.940774
0.942480
0.944235
0.946040
0.947898
0.949815
0.951792
0.953836
0.955950
0.958139
0.960411
0.962772
0.965230
0.967793
0.970472
0.973278
0.976225
0.979329
0.982609
0.986087
0.989790
0.993752
0.998015
1.002631
1.007667
1.013215
1.019397
1.026389
1.034452
1.044001
1.055758
1.071168
1.093890
